 ,BNBUSDC,BNBUSDT,BNTUSDT,BTCUSDC,BTCUSDT,BTSUSDT,BTTUSDC,BTTUSDT,BUSDUSDT,BZRXUSDT,CELOUSDT,CELRUSDT,CHRUSDT,CHZUSDT,CKBUSDT,COMPUSDT,COSUSDT,COTIUSDT,CRVUSDT,CTKUSDT,CTSIUSDT,CTXCUSDT,CVCUSDT,DASHUSDT,DATAUSDT,DCRUSDT,DENTUSDT,DGBUSDT,DIAUSDT,DNTUSDT,DOCKUSDT,DOGEUSDT,DOTUSDT,DUSKUSDT,EGLDUSDT,ENJUSDT,EOSUSDC,EOSUSDT,ETCUSDT,ETHUSDC,ETHUSDT,EURUSDT,FETUSDT,FILUSDT,FIOUSDT,FIROUSDT,FLMUSDT,FTMUSDT,FTTUSDT,FUNUSDT,GBPUSDT,GRTUSDT,GTOUSDT,GXSUSDT,HARDUSDT,HBARUSDT,HIVEUSDT,HNTUSDT,HOTUSDT,ICXUSDT,INJUSDT,IOSTUSDT,IOTAUSDT,IOTXUSDT,IRISUSDT,JSTUSDT,JUVUSDT,KAVAUSDT,KEYUSDT,KMDUSDT,KNCUSDT,KSMUSDT,LINKUSDC,LINKUSDT,LITUSDT,LRCUSDT,LSKUSDT,LTCUSDC,LTCUSDT,LTOUSDT,LUNAUSDT,MANAUSDT,MATICUSDT,MBLUSDT,MDTUSDT,MFTUSDT,MITHUSDT,MKRUSDT,MTLUSDT,NANOUSDT,NBSUSDT,NEARUSDT,NEOUSDC,NEOUSDT,NKNUSDT,NMRUSDT,NULSUSDT,OCEANUSDT,OGNUSDT,OGUSDT,OMGUSDT,ONEUSDT,ONGUSDT,ONTUSDT,ORNUSDT,OXTUSDT,PAXGUSDT,PAXUSDT,PERLUSDT,PNTUSDT,PSGUSDT,QTUMUSDT,REEFUSDT,RENUSDT,REPUSDT,RIFUSDT,RLCUSDT,ROSEUSDT,RSRUSDT,RUNEUSDT,RVNUSDT,SANDUSDT,SCUSDT,SFPUSDT,SKLUSDT,SNXUSDT,SOLUSDT,SRMUSDT,STMXUSDT,STORJUSDT,STPTUSDT,STRAXUSDT,STXUSDT,SUSDUSDT,SUSHIUSDT,SXPUSDT,TCTUSDT,TFUELUSDT,THETAUSDT,TOMOUSDT,TRBUSDT,TROYUSDT,TRUUSDT,TRXUSDC,TRXUSDT,TUSDUSDT,TWTUSDT,UMAUSDT,UNFIUSDT,UNIUSDT,USDCUSDT,UTKUSDT,VETUSDT,VITEUSDT,VTHOUSDT,WANUSDT,WAVESUSDT,WINGUSDT,WINUSDC,WINUSDT,WNXMUSDT,WRXUSDT,WTCUSDT,XEMUSDT,XLMUSDT,XMRUSDT,XRPUSDC,XRPUSDT,XTZUSDT,XVSUSDT,YFIIUSDT,YFIUSDT,ZECUSDC,ZECUSDT,ZENUSDT,ZILUSDT,ZRXUSDT,
BNBUSDC,0.0,2.010327318160919,0.012972978000000005,579.1472116896553,581.0190768011494,9.471885850574715E-4,1.3073674724137933E-5,1.308831251724138E-5,3.702056896551698E-4,0.0,0.0,1.066461195402299E-4,0.0,4.451459225287357E-4,0.0,0.0,3.7588172873563206E-4,0.002701378177011494,0.0,0.0,0.0,0.018218374850574717,0.0010168171965517245,5.215885994252871,0.021142932952873568,0.0,7.25381155172414E-6,0.0,0.0,0.0,4.8778146298850583E-4,1.361277123218391E-4,0.0,0.0013363446321839085,0.0,0.011315770685057472,0.24645916470114937,0.24702196310344823,0.3650719350459771,21.04043408735632,21.105646254022993,0.0012916159080459987,0.001500970089655172,0.0,0.0,0.0,0.0,3.499830413793105E-4,0.20659811333333336,-4.219367908045979E-5,0.0,0.0,3.641196586206896E-4,0.0,0.0,-4.2849505057471096E-4,0.0,0.0,1.556075248275862E-5,0.02609790903448277,0.0,2.1286282919540233E-4,0.015347180459770113,2.604990994252875E-4,0.0,0.0,0.0,0.06479704339080461,-1.4735612459770115E-4,0.0,0.0,0.0,0.6129623611954024,0.6125569687701149,0.0,0.0,0.005594042011494271,3.352183555172415,3.367120702298851,0.0058413584804597705,0.0,0.0,0.001313869625287356,1.3800716896551724E-5,0.0,-3.344300965517242E-5,3.5604440804597713E-4,0.0,0.005983507321839083,0.07533907197701149,0.0,0.0,0.7410480700000001,0.7469166139080462,0.0019310209091954024,0.0,0.026331676655172415,0.0,0.02425738090804599,0.0,0.04610455827586207,1.1789313218390804E-4,0.00524244951724138,0.03210936913793105,0.0,0.0,0.0,4.699177356321876E-4,4.2203758620689666E-4,0.0,0.0,0.11782824252873568,0.0,0.007865481785057471,0.0,0.0,0.03142816466666668,0.0,0.0,0.0,0.0014914232724137933,0.0,0.0,0.0,0.0,0.0,0.0,0.0,0.0,0.0,0.004051506093103449,0.0,0.008118464000000002,0.0,0.0,0.0,4.7564956356321847E-4,5.764209517241381E-5,0.008641650983908046,0.03451156394252873,0.0,2.728276093563219E-4,0.0,0.0012033626827586204,0.0012074740310344825,3.45328850574721E-4,0.0,0.0,0.0,0.0,3.365691379310472E-4,0.0,5.513539705747127E-4,0.0011356483172413792,0.0,0.011093694149425288,0.07128781171264369,0.0,6.9821057586206875E-6,6.935343839080461E-6,0.0,0.02426482457011495,0.1263780068390805,0.0,0.006031408200000001,7.978594018390805,0.018928142172413794,0.018972713289655174,0.25808288779310345,0.0,0.0,0.0,3.817777625287356,3.769297764367817,0.0,3.7265771494252866E-4,0.013538756678160915,
BNBUSDT,2.010327318160919,0.0,0.01297395793103449,577.680371724138,579.6823548045977,9.494087816091956E-4,1.311198551724138E-5,1.3128229310344832E-5,3.833237931034454E-4,0.0,0.0,1.0639954022988509E-4,0.0,4.4431479425287356E-4,0.0,0.0,3.759204942528735E-4,0.0027022526321839086,0.0,0.0,0.0,0.018210328850574716,0.0010175530000000003,5.232633839080459,0.02127194559770115,0.0,7.243039310344829E-6,0.0,0.0,0.0,4.885200126436783E-4,1.3604985873563218E-4,0.0,0.0013420008045977013,0.0,0.01125705850574713,0.24697550011494251,0.24759194620689662,0.36580808390804614,21.072462563218394,21.140997574712642,0.001311979080459794,0.0015008895862068967,0.0,0.0,0.0,0.0,3.488751379310345E-4,0.2067066402298851,-4.2597397701149416E-5,0.0,0.0,3.6168568965517237E-4,0.0,0.0,-4.081215747126422E-4,0.0,0.0,1.5545916551724136E-5,0.026087403103448283,0.0,2.140783505747126E-4,0.015343397701149421,2.602785252873564E-4,0.0,0.0,0.0,0.06476392425287358,-1.4725111494252868E-4,0.0,0.0,0.0,0.6120457202298851,0.6117213349425287,0.0,0.0,0.006044392183908063,3.3554809655172417,3.371497333333334,0.005824152321839083,0.0,0.0,0.0013147730114942528,1.3733713793103451E-5,0.0,-3.33576E-5,3.5631583908045974E-4,0.0,0.005680109770114945,0.07521943666666667,0.0,0.0,0.739496103448276,0.7453899390804598,0.0019317823333333333,0.0,0.02624340827586207,0.0,0.024288652528735636,0.0,0.04626997620689656,1.1823470114942527E-4,0.00524103103448276,0.032162536551724144,0.0,0.0,0.0,4.8561528735632526E-4,4.3595368965517237E-4,0.0,0.0,0.11778076321839083,0.0,0.007844225816091954,0.0,0.0,0.03146753114942529,0.0,0.0,0.0,0.001489621793103449,0.0,0.0,0.0,0.0,0.0,0.0,0.0,0.0,0.0,0.003998988620689655,0.0,0.008143370344827587,0.0,0.0,0.0,4.746405149425286E-4,5.809804137931035E-5,0.008663002011494251,0.03457076770114941,0.0,2.728049049425287E-4,0.0,0.0012039436551724136,0.0012082245862068968,3.5996643678161736E-4,0.0,0.0,0.0,0.0,3.5273724137932267E-4,0.0,5.52455664367816E-4,0.0011314160344827586,0.0,0.011124126321839073,0.07146822264367818,0.0,6.968419999999999E-6,6.922143563218392E-6,0.0,0.024351647632183903,0.12715018977011494,0.0,0.0060355348275862065,7.955106666666668,0.01889187465517242,0.01894499865517241,0.2582230706896552,0.0,0.0,0.0,3.8283269425287347,3.780987160919541,0.0,3.7410652873563207E-4,0.013567996436781606,
BNTUSDT,0.012972978000000005,0.01297395793103449,0.0,4.7841098965517235,4.794184048275864,9.138268965517247E-6,1.2379903448275862E-7,1.2392303448275865E-7,1.8875862068965038E-6,0.0,0.0,1.12068275862069E-6,0.0,3.98314896551724E-6,0.0,0.0,3.4046137931034476E-6,2.2469751724137935E-5,0.0,0.0,0.0,1.2602565517241379E-4,1.02626275862069E-5,0.037329551724137926,1.0534782068965522E-4,0.0,7.057275862068964E-8,0.0,0.0,0.0,4.263964137931036E-6,9.825018620689655E-7,0.0,1.2678827586206902E-5,0.0,9.18787655172414E-5,0.001889116137931034,0.001898976896551724,0.0030293140689655186,0.14829466206896552,0.14833221379310346,1.4047586206898983E-6,1.2316606896551726E-5,0.0,0.0,0.0,0.0,2.9480068965517247E-6,0.0016113179310344825,6.044620689655173E-8,0.0,0.0,2.0685034482758617E-6,0.0,0.0,3.733517241379417E-7,0.0,0.0,1.3777593103448275E-7,2.240266206896552E-4,0.0,1.9938372413793104E-6,1.2029068965517242E-4,1.7366034482758622E-6,0.0,0.0,0.0,5.327103448275863E-4,-5.58675172413793E-7,0.0,0.0,0.0,0.0031919151034482765,0.0031897667586206894,0.0,0.0,9.767344827586223E-5,0.028919227586206894,0.028834972413793108,4.3806537931034474E-5,0.0,0.0,1.0716648275862068E-5,4.224186206896552E-7,0.0,-6.43958620689656E-8,2.6940000000000017E-6,0.0,1.0403427586206892E-4,6.202063448275862E-4,0.0,0.0,0.005885647586206898,0.0059075662068965515,1.4586972413793102E-5,0.0,2.040871724137932E-4,0.0,2.285533793103449E-4,0.0,3.9703965517241395E-4,1.3980689655172413E-6,4.806124137931036E-5,2.7833793103448283E-4,0.0,0.0,0.0,2.7443448275861724E-6,5.675724137931034E-6,0.0,0.0,9.10037931034483E-4,0.0,5.550691724137931E-5,0.0,0.0,2.8163386206896563E-4,0.0,0.0,0.0,1.1609668965517241E-5,0.0,0.0,0.0,0.0,0.0,0.0,0.0,0.0,0.0,3.2917282758620687E-5,0.0,7.838434482758624E-5,0.0,0.0,0.0,3.332084827586208E-6,6.767158620689657E-7,7.273859310344825E-5,2.3187779310344827E-4,0.0,1.5518509655172415E-6,0.0,9.398096551724138E-6,9.425944827586207E-6,1.392068965517294E-6,0.0,0.0,0.0,0.0,1.5265517241380195E-6,0.0,3.746992413793104E-6,8.895972413793104E-6,0.0,9.985696551724137E-5,5.247571724137931E-4,0.0,5.1000758620689654E-8,5.0819586206896554E-8,0.0,1.8924586896551732E-4,6.336558620689659E-4,0.0,4.056323448275861E-5,0.05932652413793104,1.41599275862069E-4,1.4158846206896545E-4,0.0017269698620689664,0.0,0.0,0.0,0.026284165517241376,0.02625200000000001,0.0,3.1256689655172406E-6,9.583006896551723E-5,
BTCUSDC,579.1472116896553,577.680371724138,4.7841098965517235,0.0,210978.52935172414,0.3654598827586207,0.004770721068965517,0.0047729221034482775,0.07718931034482517,0.0,0.0,0.043495551724137924,0.0,0.15967868551724138,0.0,0.0,0.1364376965517241,0.9132909137931036,0.0,0.0,0.0,5.392129931034483,0.4242502103448275,1682.9657965517235,5.23673951724138,0.0,0.0028145544482758612,0.0,0.0,0.0,0.17481851689655173,0.0447207831724138,0.0,0.5022922068965519,0.0,3.9896927275862075,80.74234765517238,81.07203031034483,124.94835617241381,6475.02435172414,6478.126427586209,0.2938288275862173,0.5360960034482758,0.0,0.0,0.0,0.0,0.12431956896551723,69.35667965517241,0.0033633803448275784,0.0,0.0,0.10339486206896548,0.0,0.0,-0.1467876448275858,0.0,0.0,0.005643825793103448,9.227267206896554,0.0,0.08535195965517242,5.063524482758618,0.07997981275862069,0.0,0.0,0.0,22.595185724137924,-0.029716924827586196,0.0,0.0,0.0,159.70710634482757,159.5728627931034,0.0,0.0,1.8734708965517286,1204.3167103448277,1202.967224137931,1.8847974793103448,0.0,0.0,0.45283875172413796,0.013597961379310339,0.0,-0.0050297,0.1105920931034483,0.0,4.14549244827586,25.959438137931038,0.0,0.0,256.24689896551723,257.33736862068963,0.6523184896551727,0.0,8.741294689655176,0.0,8.715852379310345,0.0,15.989753793103448,0.050229686206896544,2.000658034482758,11.435625448275859,0.0,0.0,0.0,0.10726427586206815,0.14115487931034482,0.0,0.0,38.83237896551724,0.0,2.4735284965517232,0.0,0.0,11.588793620689655,0.0,0.0,0.0,0.49907122413793104,0.0,0.0,0.0,0.0,0.0,0.0,0.0,0.0,0.0,1.511262924137931,0.0,3.126326965517241,0.0,0.0,0.0,0.15085245482758616,0.024752518620689657,3.0437571172413795,10.105116413793104,0.0,0.07455659231034482,0.0,0.3930804896551723,0.3939408241379309,0.048759275862071794,0.0,0.0,0.0,0.0,0.05120420689655676,0.0,0.16752812758620697,0.4061943758620691,0.0,4.038123896551723,22.549417517241384,0.0,0.0020746507241379305,0.002062367103448276,0.0,7.715997203448274,31.518303103448268,0.0,1.7874174344827585,2616.171779310345,6.000115344827587,5.995776951724136,79.35003193103451,0.0,0.0,0.0,1149.3681586206894,1152.361479310345,0.0,0.12603305172413792,4.08531444827586,
BTCUSDT,581.0190768011494,579.6823548045977,4.794184048275864,210978.52935172414,0.0,0.3664667773563218,0.004791238203448274,0.004794687796551723,0.08480925862068714,0.0,0.0,0.043579117011494264,0.0,0.15974420381609195,0.0,0.0,0.13678000436781607,0.9193005629885056,0.0,0.0,0.0,5.434663797701149,0.4241763962068965,1688.9774316091948,5.284810564712643,0.0,0.002813966189655172,0.0,0.0,0.0,0.17550633225287357,0.044833541085057466,0.0,0.5042703574712644,0.0,3.999007712873563,81.04381744022987,81.39316689655173,125.4959039229885,6504.679731264368,6509.019252528736,0.2805443885057577,0.5374181937931035,0.0,0.0,0.0,0.0,0.12460781172413793,69.4585395632184,0.0030414362528735596,0.0,0.0,0.10344080241379311,0.0,0.0,-0.14602846183908005,0.0,0.0,0.005655745806896552,9.261967462068968,0.0,0.08554543894252872,5.080861816091952,0.08030638350574713,0.0,0.0,0.0,22.654803143678155,-0.029979799057471255,0.0,0.0,0.0,160.49841054942524,160.38699332298853,0.0,0.0,1.8309559367816128,1207.9568713793105,1206.8123249425287,1.8914028891954022,0.0,0.0,0.454253907816092,0.013681350103448271,0.0,-0.005110631241379312,0.11093516264367814,0.0,4.177557998850574,25.997012360919534,0.0,0.0,256.6283321034482,257.7333967471264,0.6567057628735632,0.0,8.76598400344828,0.0,8.766949198850575,0.0,16.075015379310347,0.05044588678160919,2.009952696551725,11.486441741379307,0.0,0.0,0.0,0.11531011609195312,0.14257775862068967,0.0,0.0,38.97981471264369,0.0,2.481158486321839,0.0,0.0,11.631560243678162,0.0,0.0,0.0,0.5001730113793105,0.0,0.0,0.0,0.0,0.0,0.0,0.0,0.0,0.0,1.513689365172413,0.0,3.139931972413794,0.0,0.0,0.0,0.15138739219540231,0.024912405241379304,3.0617542002298848,10.147735460919538,0.0,0.07481158807816092,0.0,0.3945735331034482,0.395521666551724,0.05758318390804866,0.0,0.0,0.0,0.0,0.05962336206897045,0.0,0.16839330618390805,0.4066124979310345,0.0,4.050904847126436,22.60706122183908,0.0,0.00208604358275862,0.00207384528505747,0.0,7.772317227816091,31.809190074712635,0.0,1.796358015862068,2622.9801243678166,6.026349989655171,6.0237225958620675,79.66552193793103,0.0,0.0,0.0,1154.4782354022989,1157.5938028735634,0.0,0.12662513954022986,4.1000100770114924,
BTSUSDT,9.471885850574715E-4,9.494087816091956E-4,9.138268965517247E-6,0.3654598827586207,0.3664667773563218,0.0,1.0325906896551727E-8,1.034226551724138E-8,1.4736206896551534E-7,0.0,0.0,8.576850574712644E-8,0.0,2.738852183908045E-7,0.0,0.0,2.9317425287356317E-7,1.5279811494252878E-6,0.0,0.0,0.0,6.695181609195403E-6,9.354217241379307E-7,0.003472095977011494,7.86430011494253E-6,0.0,6.177603448275863E-9,0.0,0.0,0.0,3.27630367816092E-7,7.636696321839082E-8,0.0,9.64077011494253E-7,0.0,5.815518850574714E-6,1.5437475977011494E-4,1.552939655172414E-4,2.423200011494255E-4,0.011715728045977016,0.011704427471264376,-2.5158091954022756E-6,9.211082758620691E-7,0.0,0.0,0.0,0.0,2.1532689655172412E-7,1.2886567816091957E-4,2.2768022988505736E-8,0.0,0.0,1.4457551724137922E-7,0.0,0.0,5.44855632183909E-7,0.0,0.0,1.1289337931034486E-8,1.6662751724137938E-5,0.0,1.9021478160919548E-7,9.582390804597702E-6,1.2322683908045976E-7,0.0,0.0,0.0,3.6921097701149425E-5,-3.5635011494252885E-8,0.0,0.0,0.0,2.4279351264367818E-4,2.4314538735632194E-4,0.0,0.0,1.5810614942528762E-5,0.0023053513793103455,0.0022933343678160924,3.191709425287357E-6,0.0,0.0,8.704121839080459E-7,2.3787965517241387E-8,0.0,-2.46972413793104E-9,2.0795114942528737E-7,0.0,-4.343019540229883E-6,4.827920459770114E-5,0.0,0.0,4.430826551724139E-4,4.45290908045977E-4,1.1888205747126432E-6,0.0,1.1349162068965522E-5,0.0,1.6771311494252883E-5,0.0,3.286151724137933E-5,1.1869597701149425E-7,3.7554275862068963E-6,2.3604603448275883E-5,0.0,0.0,0.0,1.8845632183907944E-7,5.186586206896555E-7,0.0,0.0,7.492114942528735E-5,0.0,3.839901954022988E-6,0.0,0.0,2.083665977011495E-5,0.0,0.0,0.0,9.115934482758625E-7,0.0,0.0,0.0,0.0,0.0,0.0,0.0,0.0,0.0,8.881527586206896E-7,0.0,6.044772413793106E-6,0.0,0.0,0.0,3.3089559770114957E-7,5.9563586206896556E-8,5.701148735632184E-6,1.7022628735632186E-5,0.0,1.1558577701149426E-7,0.0,7.235972413793103E-7,7.258727586206897E-7,7.616091954023182E-8,0.0,0.0,0.0,0.0,1.019137931034583E-7,0.0,2.72933747126437E-7,7.763958620689655E-7,0.0,7.5834701149425276E-6,4.59597367816092E-5,0.0,2.857837931034483E-9,2.8645701149425303E-9,0.0,1.4455328045977011E-5,4.739061494252876E-5,0.0,3.1061213793103448E-6,0.004033869425287357,9.51457586206897E-6,9.534581379310346E-6,1.4084466896551736E-4,0.0,0.0,0.0,0.0022048225287356325,0.002248204022988507,0.0,2.6644804597701154E-7,7.718550574712643E-6,
BTTUSDC,1.3073674724137933E-5,1.311198551724138E-5,1.2379903448275862E-7,0.004770721068965517,0.004791238203448274,1.0325906896551727E-8,0.0,1.4666424137931036E-10,1.8456896551724023E-9,0.0,0.0,1.2168896551724142E-9,0.0,3.928552413793104E-9,0.0,0.0,3.871234482758619E-9,2.2592234482758616E-8,0.0,0.0,0.0,1.1113013793103446E-7,1.115450689655172E-8,4.210622413793102E-5,1.0825176896551719E-7,0.0,7.967948275862068E-11,0.0,0.0,0.0,4.453481379310345E-9,9.945904827586205E-10,0.0,1.3433137931034484E-8,0.0,8.685179999999999E-8,2.059550448275862E-6,2.068863793103448E-6,3.328983551724138E-6,1.5859000689655173E-4,1.5846836896551723E-4,-1.5582827586206574E-8,1.2499606896551725E-8,0.0,0.0,0.0,0.0,3.0622827586206893E-9,1.7080420689655169E-6,5.5180689655172457E-11,0.0,0.0,2.2186586206896547E-9,0.0,0.0,6.232041379310354E-9,0.0,0.0,1.5610213793103448E-10,2.313000689655173E-7,0.0,2.1903165517241373E-9,1.3196965517241372E-7,1.7373017241379303E-9,0.0,0.0,0.0,5.420387931034483E-7,-4.977751724137923E-10,0.0,0.0,0.0,3.3061909655172393E-6,3.307883137931032E-6,0.0,0.0,1.8541810344827596E-7,3.123610689655172E-5,3.108505862068966E-5,4.4856606896551714E-8,0.0,0.0,1.1604613793103443E-8,4.1392034482758634E-10,0.0,-2.2947586206896468E-11,2.925362068965517E-9,0.0,3.640065517241382E-8,6.118377241379309E-7,0.0,0.0,6.0159113793103446E-6,6.012512758620689E-6,1.488005862068965E-8,0.0,1.9846389655172414E-7,0.0,2.452949310344827E-7,0.0,4.4547E-7,1.613603448275862E-9,5.1498482758620684E-8,3.1106499999999996E-7,0.0,0.0,0.0,2.7817586206896426E-9,8.89196551724138E-9,0.0,0.0,9.938448275862067E-7,0.0,5.444524482758618E-8,0.0,0.0,2.9326179310344836E-7,0.0,0.0,0.0,1.2541031034482759E-8,0.0,0.0,0.0,0.0,0.0,0.0,0.0,0.0,0.0,2.4314231034482757E-8,0.0,8.202675862068967E-8,0.0,0.0,0.0,3.440486551724137E-9,8.154434482758622E-10,7.75720413793103E-8,2.4097796551724126E-7,0.0,1.5794582068965512E-9,0.0,1.0253406896551724E-8,1.028361724137931E-8,1.3993103448276648E-9,0.0,0.0,0.0,0.0,1.7494827586207683E-9,0.0,3.8193682758620675E-9,9.175420689655168E-9,0.0,1.070654137931034E-7,5.928732068965518E-7,0.0,5.058748275862068E-11,5.0447172413793095E-11,0.0,1.957920758620689E-7,6.513453448275857E-7,0.0,4.413385517241378E-8,5.6342041379310335E-5,1.440423793103448E-7,1.441944965517241E-7,1.846169172413793E-6,0.0,0.0,0.0,2.893785517241378E-5,2.919425862068965E-5,0.0,3.6083931034482756E-9,1.0762610344827582E-7,
BTTUSDT,1.308831251724138E-5,1.3128229310344832E-5,1.2392303448275865E-7,0.0047729221034482775,0.004794687796551723,1.034226551724138E-8,1.4666424137931036E-10,0.0,2.019827586206888E-9,0.0,0.0,1.2174551724137929E-9,0.0,3.932385517241379E-9,0.0,0.0,3.885041379310344E-9,2.2708041379310344E-8,0.0,0.0,0.0,1.1091848275862071E-7,1.1117699999999994E-8,4.209849999999999E-5,1.0966136896551731E-7,0.0,7.977637931034485E-11,0.0,0.0,0.0,4.4550393103448284E-9,9.964615862068967E-10,0.0,1.3422034482758622E-8,0.0,8.660371724137935E-8,2.064276793103448E-6,2.0747106896551727E-6,3.331624724137931E-6,1.5918675172413798E-4,1.591047689655173E-4,-1.4847172413792801E-8,1.2496117241379312E-8,0.0,0.0,0.0,0.0,3.0686827586206905E-9,1.708413103448276E-6,6.05262068965514E-11,0.0,0.0,2.1734103448275866E-9,0.0,0.0,6.218544827586215E-9,0.0,0.0,1.559740689655173E-10,2.3113648275862075E-7,0.0,2.1862765517241386E-9,1.3234482758620685E-7,1.733436206896552E-9,0.0,0.0,0.0,5.440639655172413E-7,-5.003144827586207E-10,0.0,0.0,0.0,3.310221448275862E-6,3.3123627241379314E-6,0.0,0.0,1.849467241379311E-7,3.137613448275862E-5,3.122301034482759E-5,4.498084137931033E-8,0.0,0.0,1.1624972413793099E-8,4.1306241379310324E-10,0.0,-2.5221379310344875E-11,2.9308448275862067E-9,0.0,3.884899999999991E-8,6.124108965517242E-7,0.0,0.0,6.0257403448275855E-6,6.027849310344829E-6,1.4896596551724136E-8,0.0,1.9836300000000012E-7,0.0,2.477323103448276E-7,0.0,4.47134827586207E-7,1.6189482758620688E-9,5.149393103448274E-8,3.1208293103448283E-7,0.0,0.0,0.0,2.9668620689655045E-9,8.882068965517246E-9,0.0,0.0,9.974241379310342E-7,0.0,5.431747931034484E-8,0.0,0.0,2.94006827586207E-7,0.0,0.0,0.0,1.253676206896552E-8,0.0,0.0,0.0,0.0,0.0,0.0,0.0,0.0,0.0,2.462325172413793E-8,0.0,8.191427586206899E-8,0.0,0.0,0.0,3.4170203448275867E-9,8.175324137931034E-10,7.774754482758621E-8,2.411637586206896E-7,0.0,1.5777328275862072E-9,0.0,1.0284006896551726E-8,1.031731379310345E-8,1.6168965517242154E-9,0.0,0.0,0.0,0.0,1.92362068965525E-9,0.0,3.830693793103448E-9,9.194372413793103E-9,0.0,1.0730010344827583E-7,5.89499551724138E-7,0.0,5.0585275862068954E-11,5.047075862068965E-11,0.0,1.9688719999999994E-7,6.596456896551725E-7,0.0,4.431555862068964E-8,5.64057172413793E-5,1.4446962068965523E-7,1.446362965517241E-7,1.851883931034483E-6,0.0,0.0,0.0,2.8979489655172408E-5,2.9265672413793108E-5,0.0,3.621020689655172E-9,1.078983793103448E-7,
BUSDUSDT,3.702056896551698E-4,3.833237931034454E-4,1.8875862068965038E-6,0.07718931034482517,0.08480925862068714,1.4736206896551534E-7,1.8456896551724023E-9,2.019827586206888E-9,0.0,0.0,0.0,1.5275862068965118E-8,0.0,5.091034482758277E-8,0.0,0.0,3.4137931034482604E-8,8.927586206896485E-7,0.0,0.0,0.0,6.923448275862028E-6,5.0637931034480026E-8,9.137413793103382E-4,6.2784655172414606E-6,0.0,1.9431034482754754E-10,0.0,0.0,0.0,9.93034482758612E-8,2.6723103448275574E-8,0.0,2.884482758620622E-7,0.0,2.9604137931033787E-6,4.534465517241366E-5,4.76865517241378E-5,6.443051724137854E-5,0.004185793103448262,0.004360465517241367,-1.1875862068965514E-6,3.184827586206855E-7,0.0,0.0,0.0,0.0,6.71379310344822E-8,2.4403448275861435E-5,-2.1820689655173706E-8,0.0,0.0,2.0017241379309438E-8,0.0,0.0,-3.965862068965472E-7,0.0,0.0,1.2358620689655021E-9,4.77620689655163E-6,0.0,4.269310344827519E-8,2.1368965517241387E-6,6.309827586206845E-8,0.0,0.0,0.0,1.2177758620689595E-5,-3.9668965517242074E-8,0.0,0.0,0.0,1.1910551724138002E-4,1.2147189655172484E-4,0.0,0.0,-1.4573965517241507E-5,5.237413793103412E-4,5.476034482758595E-4,1.0605172413792957E-6,0.0,0.0,2.321034482758603E-7,1.167068965517198E-8,0.0,-1.4431034482758824E-8,4.7465517241379036E-8,0.0,1.0917758620689405E-5,1.1104482758620467E-5,0.0,0.0,9.371551724137777E-5,9.970517241379156E-5,7.062931034482691E-7,0.0,4.8522413793102506E-6,0.0,5.246379310344775E-6,0.0,9.445172413793051E-6,2.3120689655171858E-8,1.4958620689654903E-6,6.038793103448251E-6,0.0,0.0,0.0,1.1056896551724103E-6,-1.7106896551723984E-7,0.0,0.0,1.9596551724137822E-5,0.0,1.5476379310344589E-6,0.0,0.0,5.899999999999963E-6,0.0,0.0,0.0,1.8222413793103122E-7,0.0,0.0,0.0,0.0,0.0,0.0,0.0,0.0,0.0,1.4964655172413567E-6,0.0,2.273793103448242E-6,0.0,0.0,0.0,1.028017241379295E-7,1.6186206896551416E-8,2.6495172413793013E-6,5.384655172413687E-6,0.0,5.852344827586122E-8,0.0,1.9937931034482747E-7,2.115344827586207E-7,1.2106896551724171E-6,0.0,0.0,0.0,0.0,1.1294827586206957E-6,0.0,1.3146551724137937E-7,1.70448275862066E-7,0.0,1.6377586206896092E-6,4.312586206896659E-6,0.0,1.399827586206885E-9,1.4224137931034387E-9,0.0,6.74144827586204E-6,3.7820862068965936E-5,0.0,1.2220344827586328E-6,0.0016424137931034294,3.976206896551709E-6,4.152034482758604E-6,4.7513793103448066E-5,0.0,0.0,0.0,7.076896551724145E-4,7.354655172413801E-4,0.0,6.862068965517297E-8,1.9584482758620784E-6,
BZRXUSDT,0.0,0.0,0.0,0.0,0.0,0.0,0.0,0.0,0.0,0.0,0.0,0.0,0.0,0.0,0.0,0.0,0.0,0.0,0.0,0.0,0.0,0.0,0.0,0.0,0.0,0.0,0.0,0.0,0.0,0.0,0.0,0.0,0.0,0.0,0.0,0.0,0.0,0.0,0.0,0.0,0.0,0.0,0.0,0.0,0.0,0.0,0.0,0.0,0.0,0.0,0.0,0.0,0.0,0.0,0.0,0.0,0.0,0.0,0.0,0.0,0.0,0.0,0.0,0.0,0.0,0.0,0.0,0.0,0.0,0.0,0.0,0.0,0.0,0.0,0.0,0.0,0.0,0.0,0.0,0.0,0.0,0.0,0.0,0.0,0.0,0.0,0.0,0.0,0.0,0.0,0.0,0.0,0.0,0.0,0.0,0.0,0.0,0.0,0.0,0.0,0.0,0.0,0.0,0.0,0.0,0.0,0.0,0.0,0.0,0.0,0.0,0.0,0.0,0.0,0.0,0.0,0.0,0.0,0.0,0.0,0.0,0.0,0.0,0.0,0.0,0.0,0.0,0.0,0.0,0.0,0.0,0.0,0.0,0.0,0.0,0.0,0.0,0.0,0.0,0.0,0.0,0.0,0.0,0.0,0.0,0.0,0.0,0.0,0.0,0.0,0.0,0.0,0.0,0.0,0.0,0.0,0.0,0.0,0.0,0.0,0.0,0.0,0.0,0.0,0.0,0.0,0.0,0.0,0.0,0.0,0.0,0.0,0.0,0.0,0.0,0.0,0.0,
CELOUSDT,0.0,0.0,0.0,0.0,0.0,0.0,0.0,0.0,0.0,0.0,0.0,0.0,0.0,0.0,0.0,0.0,0.0,0.0,0.0,0.0,0.0,0.0,0.0,0.0,0.0,0.0,0.0,0.0,0.0,0.0,0.0,0.0,0.0,0.0,0.0,0.0,0.0,0.0,0.0,0.0,0.0,0.0,0.0,0.0,0.0,0.0,0.0,0.0,0.0,0.0,0.0,0.0,0.0,0.0,0.0,0.0,0.0,0.0,0.0,0.0,0.0,0.0,0.0,0.0,0.0,0.0,0.0,0.0,0.0,0.0,0.0,0.0,0.0,0.0,0.0,0.0,0.0,0.0,0.0,0.0,0.0,0.0,0.0,0.0,0.0,0.0,0.0,0.0,0.0,0.0,0.0,0.0,0.0,0.0,0.0,0.0,0.0,0.0,0.0,0.0,0.0,0.0,0.0,0.0,0.0,0.0,0.0,0.0,0.0,0.0,0.0,0.0,0.0,0.0,0.0,0.0,0.0,0.0,0.0,0.0,0.0,0.0,0.0,0.0,0.0,0.0,0.0,0.0,0.0,0.0,0.0,0.0,0.0,0.0,0.0,0.0,0.0,0.0,0.0,0.0,0.0,0.0,0.0,0.0,0.0,0.0,0.0,0.0,0.0,0.0,0.0,0.0,0.0,0.0,0.0,0.0,0.0,0.0,0.0,0.0,0.0,0.0,0.0,0.0,0.0,0.0,0.0,0.0,0.0,0.0,0.0,0.0,0.0,0.0,0.0,0.0,0.0,
CELRUSDT,1.066461195402299E-4,1.0639954022988509E-4,1.12068275862069E-6,0.043495551724137924,0.043579117011494264,8.576850574712644E-8,1.2168896551724142E-9,1.2174551724137929E-9,1.5275862068965118E-8,0.0,0.0,0.0,0.0,4.0571080459770105E-8,0.0,0.0,3.191218390804598E-8,2.0040873563218388E-7,0.0,0.0,0.0,1.0991471264367815E-6,1.031855172413793E-7,3.2684252873563214E-4,7.62750114942529E-7,0.0,6.754482758620693E-10,0.0,0.0,0.0,4.060381609195401E-8,8.55568735632184E-9,0.0,1.296114942528736E-7,0.0,9.273119540229884E-7,1.673788045977011E-5,1.6830931034482762E-5,2.8471466666666673E-5,0.0012505073563218393,0.0012491602298850583,1.0688045977011731E-7,1.1739793103448281E-7,0.0,0.0,0.0,0.0,3.013724137931035E-8,1.4152919540229884E-5,3.4711264367816094E-9,0.0,0.0,1.7059999999999982E-8,0.0,0.0,1.480045977011502E-8,0.0,0.0,1.3101310344827587E-9,1.9682000000000005E-6,0.0,1.8254091954022994E-8,1.1015632183908044E-6,1.54983908045977E-8,0.0,0.0,0.0,4.914149425287356E-6,-2.0777701149425293E-9,0.0,0.0,0.0,2.356213333333333E-5,2.355888735632184E-5,0.0,0.0,7.0477011494253E-7,2.767151724137932E-4,2.7463954022988516E-4,3.7971977011494256E-7,0.0,0.0,1.0103977011494251E-7,5.631931034482757E-9,0.0,4.471724137931025E-10,2.372183908045977E-8,0.0,1.875687356321839E-6,5.355756321839079E-6,0.0,0.0,5.379524137931036E-5,5.39500459770115E-5,1.2246712643678155E-7,0.0,2.178593103448277E-6,0.0,2.0928804597701154E-6,0.0,3.6437931034482763E-6,1.419770114942528E-8,4.819793103448276E-7,2.6572068965517244E-6,0.0,0.0,0.0,2.0818390804597457E-8,6.015172413793104E-8,0.0,0.0,8.151149425287358E-6,0.0,4.910450574712643E-7,0.0,0.0,2.66155632183908E-6,0.0,0.0,0.0,1.0943655172413797E-7,0.0,0.0,0.0,0.0,0.0,0.0,0.0,0.0,0.0,3.7074413793103434E-7,0.0,7.762206896551725E-7,0.0,0.0,0.0,2.417645977011494E-8,7.556689655172416E-9,6.81200459770115E-7,1.8946114942528737E-6,0.0,1.332832873563219E-8,0.0,8.597655172413793E-8,8.616068965517242E-8,8.747126436782053E-9,0.0,0.0,0.0,0.0,1.2448275862069483E-8,0.0,3.1622022988505744E-8,8.130965517241379E-8,0.0,9.560045977011492E-7,4.254133333333335E-6,0.0,5.515793103448274E-10,5.498114942528733E-10,0.0,1.5389970114942531E-6,4.646804597701151E-6,0.0,3.589696551724139E-7,5.313452873563218E-4,1.3432379310344829E-6,1.3381951724137928E-6,1.4678048275862072E-5,0.0,0.0,0.0,2.2176390804597696E-4,2.211195402298851E-4,0.0,2.8723908045977018E-8,8.834298850574708E-7,
CHRUSDT,0.0,0.0,0.0,0.0,0.0,0.0,0.0,0.0,0.0,0.0,0.0,0.0,0.0,0.0,0.0,0.0,0.0,0.0,0.0,0.0,0.0,0.0,0.0,0.0,0.0,0.0,0.0,0.0,0.0,0.0,0.0,0.0,0.0,0.0,0.0,0.0,0.0,0.0,0.0,0.0,0.0,0.0,0.0,0.0,0.0,0.0,0.0,0.0,0.0,0.0,0.0,0.0,0.0,0.0,0.0,0.0,0.0,0.0,0.0,0.0,0.0,0.0,0.0,0.0,0.0,0.0,0.0,0.0,0.0,0.0,0.0,0.0,0.0,0.0,0.0,0.0,0.0,0.0,0.0,0.0,0.0,0.0,0.0,0.0,0.0,0.0,0.0,0.0,0.0,0.0,0.0,0.0,0.0,0.0,0.0,0.0,0.0,0.0,0.0,0.0,0.0,0.0,0.0,0.0,0.0,0.0,0.0,0.0,0.0,0.0,0.0,0.0,0.0,0.0,0.0,0.0,0.0,0.0,0.0,0.0,0.0,0.0,0.0,0.0,0.0,0.0,0.0,0.0,0.0,0.0,0.0,0.0,0.0,0.0,0.0,0.0,0.0,0.0,0.0,0.0,0.0,0.0,0.0,0.0,0.0,0.0,0.0,0.0,0.0,0.0,0.0,0.0,0.0,0.0,0.0,0.0,0.0,0.0,0.0,0.0,0.0,0.0,0.0,0.0,0.0,0.0,0.0,0.0,0.0,0.0,0.0,0.0,0.0,0.0,0.0,0.0,0.0,
CHZUSDT,4.451459225287357E-4,4.4431479425287356E-4,3.98314896551724E-6,0.15967868551724138,0.15974420381609195,2.738852183908045E-7,3.928552413793104E-9,3.932385517241379E-9,5.091034482758277E-8,0.0,0.0,4.0571080459770105E-8,0.0,0.0,0.0,0.0,1.0253360919540224E-7,8.307532643678157E-7,0.0,0.0,0.0,5.113495632183907E-6,3.1294765517241374E-7,0.0010625191954022983,2.8600205057471266E-6,0.0,2.2185689655172405E-9,0.0,0.0,0.0,1.447271356321839E-7,3.115335195402297E-8,0.0,4.570422988505746E-7,0.0,3.6765125977011486E-6,5.723098091954022E-5,5.725016206896551E-5,9.612300505747125E-5,0.004543672367816091,0.004546839839080459,7.983395402298938E-7,4.2549468965517225E-7,0.0,0.0,0.0,0.0,1.0583558620689656E-7,5.2013535632183916E-5,5.461370114942528E-9,0.0,0.0,7.191572413793099E-8,0.0,0.0,-9.626590804597689E-8,0.0,0.0,4.360790344827585E-9,7.398893793103446E-6,0.0,5.9448418390804595E-8,3.785754022988504E-6,6.007754022988505E-8,0.0,0.0,0.0,1.8388709195402302E-5,-1.397601609195402E-8,0.0,0.0,0.0,9.281508666666664E-5,9.273187333333331E-5,0.0,0.0,9.145505747126474E-7,9.278643448275862E-4,9.221039770114941E-4,1.4456397471264365E-6,0.0,0.0,3.392736091954024E-7,1.9885737931034464E-8,0.0,-9.225448275862111E-10,9.073436781609196E-8,0.0,9.049451954022985E-6,2.0963507126436777E-5,0.0,0.0,1.9572568275862064E-4,1.9597692643678161E-4,5.047577701149424E-7,0.0,8.143188965517241E-6,0.0,7.872494712643675E-6,0.0,1.235588620689655E-5,4.708436781609194E-8,1.7431193103448272E-6,8.482599999999999E-6,0.0,0.0,0.0,7.821471264367724E-8,1.5346793103448257E-7,0.0,0.0,2.7926298850574706E-5,0.0,1.989521701149425E-6,0.0,0.0,9.547858160919538E-6,0.0,0.0,0.0,3.7506772413793104E-7,0.0,0.0,0.0,0.0,0.0,0.0,0.0,0.0,0.0,1.6102828275862069E-6,0.0,2.731250344827586E-6,0.0,0.0,0.0,8.58154574712643E-8,2.4071331034482755E-8,2.3851568505747123E-6,7.587011264367816E-6,0.0,5.353780505747126E-8,0.0,3.030547586206896E-7,3.03471172413793E-7,3.960804597701239E-8,0.0,0.0,0.0,0.0,4.975172413793277E-8,0.0,1.1892969425287357E-7,2.922679999999999E-7,0.0,3.4194167816091937E-6,1.4862734942528735E-5,0.0,2.02743172413793E-9,2.026694712643677E-9,0.0,6.004870298850573E-6,1.7147047126436783E-5,0.0,1.231920275862069E-6,0.0020881637471264363,5.011492758620689E-6,5.006739793103446E-6,5.1601357241379324E-5,0.0,0.0,0.0,7.75161540229885E-4,7.569539080459773E-4,0.0,9.247691954022984E-8,2.947470804597699E-6,
CKBUSDT,0.0,0.0,0.0,0.0,0.0,0.0,0.0,0.0,0.0,0.0,0.0,0.0,0.0,0.0,0.0,0.0,0.0,0.0,0.0,0.0,0.0,0.0,0.0,0.0,0.0,0.0,0.0,0.0,0.0,0.0,0.0,0.0,0.0,0.0,0.0,0.0,0.0,0.0,0.0,0.0,0.0,0.0,0.0,0.0,0.0,0.0,0.0,0.0,0.0,0.0,0.0,0.0,0.0,0.0,0.0,0.0,0.0,0.0,0.0,0.0,0.0,0.0,0.0,0.0,0.0,0.0,0.0,0.0,0.0,0.0,0.0,0.0,0.0,0.0,0.0,0.0,0.0,0.0,0.0,0.0,0.0,0.0,0.0,0.0,0.0,0.0,0.0,0.0,0.0,0.0,0.0,0.0,0.0,0.0,0.0,0.0,0.0,0.0,0.0,0.0,0.0,0.0,0.0,0.0,0.0,0.0,0.0,0.0,0.0,0.0,0.0,0.0,0.0,0.0,0.0,0.0,0.0,0.0,0.0,0.0,0.0,0.0,0.0,0.0,0.0,0.0,0.0,0.0,0.0,0.0,0.0,0.0,0.0,0.0,0.0,0.0,0.0,0.0,0.0,0.0,0.0,0.0,0.0,0.0,0.0,0.0,0.0,0.0,0.0,0.0,0.0,0.0,0.0,0.0,0.0,0.0,0.0,0.0,0.0,0.0,0.0,0.0,0.0,0.0,0.0,0.0,0.0,0.0,0.0,0.0,0.0,0.0,0.0,0.0,0.0,0.0,0.0,
COMPUSDT,0.0,0.0,0.0,0.0,0.0,0.0,0.0,0.0,0.0,0.0,0.0,0.0,0.0,0.0,0.0,0.0,0.0,0.0,0.0,0.0,0.0,0.0,0.0,0.0,0.0,0.0,0.0,0.0,0.0,0.0,0.0,0.0,0.0,0.0,0.0,0.0,0.0,0.0,0.0,0.0,0.0,0.0,0.0,0.0,0.0,0.0,0.0,0.0,0.0,0.0,0.0,0.0,0.0,0.0,0.0,0.0,0.0,0.0,0.0,0.0,0.0,0.0,0.0,0.0,0.0,0.0,0.0,0.0,0.0,0.0,0.0,0.0,0.0,0.0,0.0,0.0,0.0,0.0,0.0,0.0,0.0,0.0,0.0,0.0,0.0,0.0,0.0,0.0,0.0,0.0,0.0,0.0,0.0,0.0,0.0,0.0,0.0,0.0,0.0,0.0,0.0,0.0,0.0,0.0,0.0,0.0,0.0,0.0,0.0,0.0,0.0,0.0,0.0,0.0,0.0,0.0,0.0,0.0,0.0,0.0,0.0,0.0,0.0,0.0,0.0,0.0,0.0,0.0,0.0,0.0,0.0,0.0,0.0,0.0,0.0,0.0,0.0,0.0,0.0,0.0,0.0,0.0,0.0,0.0,0.0,0.0,0.0,0.0,0.0,0.0,0.0,0.0,0.0,0.0,0.0,0.0,0.0,0.0,0.0,0.0,0.0,0.0,0.0,0.0,0.0,0.0,0.0,0.0,0.0,0.0,0.0,0.0,0.0,0.0,0.0,0.0,0.0,
COSUSDT,3.7588172873563206E-4,3.759204942528735E-4,3.4046137931034476E-6,0.1364376965517241,0.13678000436781607,2.9317425287356317E-7,3.871234482758619E-9,3.885041379310344E-9,3.4137931034482604E-8,0.0,0.0,3.191218390804598E-8,0.0,1.0253360919540224E-7,0.0,0.0,0.0,6.125133333333332E-7,0.0,0.0,0.0,2.902170114942527E-6,3.351165517241377E-7,0.0013382333333333322,3.893571954022988E-6,0.0,2.246206896551724E-9,0.0,0.0,0.0,1.275471494252873E-7,2.9492595402298846E-8,0.0,3.491402298850573E-7,0.0,2.109897011494252E-6,5.8171098850574674E-5,5.84448620689655E-5,9.508202988505749E-5,0.004601515402298851,0.004595800459770113,-6.399701149425198E-7,3.571703448275861E-7,0.0,0.0,0.0,0.0,9.002689655172412E-8,4.770866666666665E-5,-2.113471264367815E-9,0.0,0.0,6.652551724137929E-8,0.0,0.0,2.0542574712643702E-7,0.0,0.0,4.363303448275861E-9,6.8808551724137935E-6,0.0,6.015363218390804E-8,3.8836781609195374E-6,5.079954022988503E-8,0.0,0.0,0.0,1.4838333333333327E-5,-1.9820988505747116E-8,0.0,0.0,0.0,1.1271046666666662E-4,1.125352091954022E-4,0.0,0.0,5.620747126436783E-6,8.84125517241379E-4,8.796797701149423E-4,1.344603678160919E-6,0.0,0.0,3.2844781609195387E-7,6.8357241379310326E-9,0.0,-2.4369655172413796E-9,8.39333333333333E-8,0.0,-1.052645977011497E-6,1.7864802298850572E-5,0.0,0.0,1.7468593103448272E-4,1.7540498850574705E-4,4.0117632183908025E-7,0.0,5.053937931034483E-6,0.0,7.104133333333332E-6,0.0,1.272055172413793E-5,4.421954022988505E-8,1.3252896551724134E-6,8.79148275862069E-6,0.0,0.0,0.0,5.64160919540228E-8,2.464620689655173E-7,0.0,0.0,2.933885057471263E-5,0.0,1.5969301149425286E-6,0.0,0.0,8.218464367816088E-6,0.0,0.0,0.0,3.7203999999999994E-7,0.0,0.0,0.0,0.0,0.0,0.0,0.0,0.0,0.0,6.067889655172409E-7,0.0,2.1953586206896547E-6,0.0,0.0,0.0,1.1346140229885054E-7,1.9971862068965506E-8,2.1088464367816085E-6,7.237347126436779E-6,0.0,4.959451264367815E-8,0.0,2.8387655172413784E-7,2.8467103448275845E-7,1.2632183908048147E-8,0.0,0.0,0.0,0.0,2.3379310344831252E-8,0.0,1.1433052873563214E-7,2.6747517241379303E-7,0.0,2.9900505747126423E-6,1.9055845977011496E-5,0.0,1.3356137931034477E-9,1.3266850574712638E-9,0.0,6.0069774712643644E-6,2.3360747126436764E-5,0.0,1.3101558620689647E-6,0.0016104188505747122,4.010065517241377E-6,4.010557241379308E-6,5.6087013793103446E-5,0.0,0.0,0.0,8.875271264367813E-4,8.969839080459768E-4,0.0,1.0076298850574706E-7,3.3526942528735603E-6,
COTIUSDT,0.002701378177011494,0.0027022526321839086,2.2469751724137935E-5,0.9132909137931036,0.9193005629885056,1.5279811494252878E-6,2.2592234482758616E-8,2.2708041379310344E-8,8.927586206896485E-7,0.0,0.0,2.0040873563218388E-7,0.0,8.307532643678157E-7,0.0,0.0,6.125133333333332E-7,0.0,0.0,0.0,0.0,3.342437701149426E-5,1.560633793103448E-6,0.00543274712643678,1.973914781609196E-5,0.0,1.1198413793103446E-8,0.0,0.0,0.0,8.82770942528736E-7,1.8399969885057465E-7,0.0,2.44272643678161E-6,0.0,2.146750390804597E-5,3.3149075402298835E-4,3.346216551724137E-4,5.378588229885058E-4,0.027657449885057476,0.027806800459770124,1.2934781609196035E-6,2.422994482758622E-6,0.0,0.0,0.0,0.0,5.946958620689658E-7,2.963903908045976E-4,-1.1100381609195402E-7,0.0,0.0,3.596186206896551E-7,0.0,0.0,-1.024388045977008E-6,0.0,0.0,2.421606206896552E-8,4.992744137931036E-5,0.0,3.092615632183908E-7,2.2302747126436782E-5,3.5509885057471266E-7,0.0,0.0,0.0,1.1875067816091955E-4,-1.5795167816091954E-7,0.0,0.0,0.0,5.85583087356322E-4,5.863797609195403E-4,0.0,0.0,-1.6732873563218373E-5,0.005148263448275862,0.005173500459770115,9.364500229885057E-6,0.0,0.0,1.9075616091954026E-6,9.732606896551724E-8,0.0,-2.8182137931034503E-8,5.174367816091954E-7,0.0,4.4188664367816096E-5,1.3770580229885055E-4,0.0,0.0,0.0011235197241379312,0.0011344991264367816,3.4928935632183915E-6,0.0,5.071973103448276E-5,0.0,5.0703512643678164E-5,0.0,7.335337931034483E-5,2.7109885057471275E-7,9.865668965517241E-6,4.728189655172414E-5,0.0,0.0,0.0,1.0983816091953968E-6,7.682448275862068E-7,0.0,0.0,1.567395402298851E-4,0.0,1.2689661149425284E-5,0.0,0.0,5.6885222988505775E-5,0.0,0.0,0.0,2.123936551724137E-6,0.0,0.0,0.0,0.0,0.0,0.0,0.0,0.0,0.0,1.0353075172413794E-5,0.0,1.6621806896551727E-5,0.0,0.0,0.0,6.566438160919538E-7,1.1917772413793105E-7,1.5119015402298849E-5,4.802396781609194E-5,0.0,3.095727195402299E-7,0.0,1.8295627586206893E-6,1.8393572413793097E-6,9.935977011494335E-7,0.0,0.0,0.0,0.0,9.158275862069133E-7,0.0,7.56943632183908E-7,1.568613103448276E-6,0.0,2.043142988505747E-5,9.85715356321839E-5,0.0,1.1899889655172413E-8,1.1879754022988506E-8,0.0,4.3718160229885055E-5,1.1797909195402297E-4,0.0,7.6220144827586195E-6,0.012991587816091959,2.9895262068965515E-5,3.0045205517241376E-5,2.931690137931035E-4,0.0,0.0,0.0,0.004470378850574712,0.004422625287356324,0.0,5.791181609195401E-7,1.6323728735632174E-5,
CRVUSDT,0.0,0.0,0.0,0.0,0.0,0.0,0.0,0.0,0.0,0.0,0.0,0.0,0.0,0.0,0.0,0.0,0.0,0.0,0.0,0.0,0.0,0.0,0.0,0.0,0.0,0.0,0.0,0.0,0.0,0.0,0.0,0.0,0.0,0.0,0.0,0.0,0.0,0.0,0.0,0.0,0.0,0.0,0.0,0.0,0.0,0.0,0.0,0.0,0.0,0.0,0.0,0.0,0.0,0.0,0.0,0.0,0.0,0.0,0.0,0.0,0.0,0.0,0.0,0.0,0.0,0.0,0.0,0.0,0.0,0.0,0.0,0.0,0.0,0.0,0.0,0.0,0.0,0.0,0.0,0.0,0.0,0.0,0.0,0.0,0.0,0.0,0.0,0.0,0.0,0.0,0.0,0.0,0.0,0.0,0.0,0.0,0.0,0.0,0.0,0.0,0.0,0.0,0.0,0.0,0.0,0.0,0.0,0.0,0.0,0.0,0.0,0.0,0.0,0.0,0.0,0.0,0.0,0.0,0.0,0.0,0.0,0.0,0.0,0.0,0.0,0.0,0.0,0.0,0.0,0.0,0.0,0.0,0.0,0.0,0.0,0.0,0.0,0.0,0.0,0.0,0.0,0.0,0.0,0.0,0.0,0.0,0.0,0.0,0.0,0.0,0.0,0.0,0.0,0.0,0.0,0.0,0.0,0.0,0.0,0.0,0.0,0.0,0.0,0.0,0.0,0.0,0.0,0.0,0.0,0.0,0.0,0.0,0.0,0.0,0.0,0.0,0.0,
CTKUSDT,0.0,0.0,0.0,0.0,0.0,0.0,0.0,0.0,0.0,0.0,0.0,0.0,0.0,0.0,0.0,0.0,0.0,0.0,0.0,0.0,0.0,0.0,0.0,0.0,0.0,0.0,0.0,0.0,0.0,0.0,0.0,0.0,0.0,0.0,0.0,0.0,0.0,0.0,0.0,0.0,0.0,0.0,0.0,0.0,0.0,0.0,0.0,0.0,0.0,0.0,0.0,0.0,0.0,0.0,0.0,0.0,0.0,0.0,0.0,0.0,0.0,0.0,0.0,0.0,0.0,0.0,0.0,0.0,0.0,0.0,0.0,0.0,0.0,0.0,0.0,0.0,0.0,0.0,0.0,0.0,0.0,0.0,0.0,0.0,0.0,0.0,0.0,0.0,0.0,0.0,0.0,0.0,0.0,0.0,0.0,0.0,0.0,0.0,0.0,0.0,0.0,0.0,0.0,0.0,0.0,0.0,0.0,0.0,0.0,0.0,0.0,0.0,0.0,0.0,0.0,0.0,0.0,0.0,0.0,0.0,0.0,0.0,0.0,0.0,0.0,0.0,0.0,0.0,0.0,0.0,0.0,0.0,0.0,0.0,0.0,0.0,0.0,0.0,0.0,0.0,0.0,0.0,0.0,0.0,0.0,0.0,0.0,0.0,0.0,0.0,0.0,0.0,0.0,0.0,0.0,0.0,0.0,0.0,0.0,0.0,0.0,0.0,0.0,0.0,0.0,0.0,0.0,0.0,0.0,0.0,0.0,0.0,0.0,0.0,0.0,0.0,0.0,
CTSIUSDT,0.0,0.0,0.0,0.0,0.0,0.0,0.0,0.0,0.0,0.0,0.0,0.0,0.0,0.0,0.0,0.0,0.0,0.0,0.0,0.0,0.0,0.0,0.0,0.0,0.0,0.0,0.0,0.0,0.0,0.0,0.0,0.0,0.0,0.0,0.0,0.0,0.0,0.0,0.0,0.0,0.0,0.0,0.0,0.0,0.0,0.0,0.0,0.0,0.0,0.0,0.0,0.0,0.0,0.0,0.0,0.0,0.0,0.0,0.0,0.0,0.0,0.0,0.0,0.0,0.0,0.0,0.0,0.0,0.0,0.0,0.0,0.0,0.0,0.0,0.0,0.0,0.0,0.0,0.0,0.0,0.0,0.0,0.0,0.0,0.0,0.0,0.0,0.0,0.0,0.0,0.0,0.0,0.0,0.0,0.0,0.0,0.0,0.0,0.0,0.0,0.0,0.0,0.0,0.0,0.0,0.0,0.0,0.0,0.0,0.0,0.0,0.0,0.0,0.0,0.0,0.0,0.0,0.0,0.0,0.0,0.0,0.0,0.0,0.0,0.0,0.0,0.0,0.0,0.0,0.0,0.0,0.0,0.0,0.0,0.0,0.0,0.0,0.0,0.0,0.0,0.0,0.0,0.0,0.0,0.0,0.0,0.0,0.0,0.0,0.0,0.0,0.0,0.0,0.0,0.0,0.0,0.0,0.0,0.0,0.0,0.0,0.0,0.0,0.0,0.0,0.0,0.0,0.0,0.0,0.0,0.0,0.0,0.0,0.0,0.0,0.0,0.0,
CTXCUSDT,0.018218374850574717,0.018210328850574716,1.2602565517241379E-4,5.392129931034483,5.434663797701149,6.695181609195403E-6,1.1113013793103446E-7,1.1091848275862071E-7,6.923448275862028E-6,0.0,0.0,1.0991471264367815E-6,0.0,5.113495632183907E-6,0.0,0.0,2.902170114942527E-6,3.342437701149426E-5,0.0,0.0,0.0,0.0,7.3306000000000014E-6,0.03579390804597699,1.825457563218391E-4,0.0,4.502103448275863E-8,0.0,0.0,0.0,5.337896091954025E-6,1.21284832183908E-6,0.0,1.4918114942528741E-5,0.0,1.4378072643678161E-4,0.0020201092873563214,0.00203895551724138,0.0031793489425287367,0.17981668045977012,0.1813557954022989,5.2549977011494387E-5,1.5782800000000004E-5,0.0,0.0,0.0,0.0,3.806289655172414E-6,0.0016505588505747128,-8.789052873563221E-7,0.0,0.0,2.703455172413792E-6,0.0,0.0,-1.9382802298850556E-5,0.0,0.0,1.3886082758620686E-7,2.6764462068965526E-4,0.0,1.4298457471264359E-6,1.3735080459770113E-4,2.6441287356321847E-6,0.0,0.0,0.0,6.804935632183908E-4,-1.3891997701149428E-6,0.0,0.0,0.0,0.005039604229885058,0.0050422439770114935,0.0,0.0,-2.9871954022988505E-4,0.031095903448275865,0.03129986436781611,5.626708735632185E-5,0.0,0.0,1.075623908045977E-5,8.576544827586201E-7,0.0,-3.500503448275863E-7,2.9385632183908044E-6,0.0,4.3728142528735636E-4,7.695645287356321E-4,0.0,0.0,0.007106605517241379,0.007118343908045976,1.9622657471264368E-5,0.0,3.4464606896551726E-4,0.0,2.4392480459770117E-4,0.0,3.99875172413793E-4,1.0938735632183907E-6,5.451317241379309E-5,2.644603448275862E-4,0.0,0.0,0.0,8.263287356321821E-6,3.8351724137930827E-7,0.0,0.0,9.464425287356323E-4,0.0,8.531985747126435E-5,0.0,0.0,3.7247197701149426E-4,0.0,0.0,0.0,1.256471724137931E-5,0.0,0.0,0.0,0.0,0.0,0.0,0.0,0.0,0.0,7.797553103448274E-5,0.0,1.0006662068965519E-4,0.0,0.0,0.0,3.1614949425287343E-6,5.301937931034483E-7,9.289478390804597E-5,2.9122742528735624E-4,0.0,2.2877106666666663E-6,0.0,1.1074262068965512E-5,1.112882068965517E-5,7.676781609195444E-6,0.0,0.0,0.0,0.0,7.412758620689829E-6,0.0,5.358756091954023E-6,9.666082758620691E-6,0.0,1.0398473563218388E-4,4.951469885057471E-4,0.0,8.87149655172414E-8,8.821480459770114E-8,0.0,2.4585012873563217E-4,0.0010930921839080458,0.0,5.3194296551724135E-5,0.09011181839080461,2.1758634482758627E-4,2.1880137241379313E-4,0.001956009379310345,0.0,0.0,0.0,0.029619997701149422,0.028017850574712646,0.0,3.0185218390804593E-6,1.0405588505747126E-4,
