 ,BNBUSDC,BNBUSDT,BNTUSDT,BTCUSDC,BTCUSDT,BTSUSDT,BTTUSDC,BTTUSDT,BUSDUSDT,BZRXUSDT,CELOUSDT,CELRUSDT,CHRUSDT,CHZUSDT,CKBUSDT,COMPUSDT,COSUSDT,COTIUSDT,CRVUSDT,CTKUSDT,CTSIUSDT,CTXCUSDT,CVCUSDT,DASHUSDT,DATAUSDT,DCRUSDT,DENTUSDT,DGBUSDT,DIAUSDT,DNTUSDT,DOCKUSDT,DOGEUSDT,DOTUSDT,DUSKUSDT,EGLDUSDT,ENJUSDT,EOSUSDC,EOSUSDT,ETCUSDT,ETHUSDC,ETHUSDT,EURUSDT,FETUSDT,FILUSDT,FIOUSDT,FIROUSDT,FLMUSDT,FTMUSDT,FTTUSDT,FUNUSDT,GBPUSDT,GRTUSDT,GTOUSDT,GXSUSDT,HARDUSDT,HBARUSDT,HIVEUSDT,HNTUSDT,HOTUSDT,ICXUSDT,INJUSDT,IOSTUSDT,IOTAUSDT,IOTXUSDT,IRISUSDT,JSTUSDT,JUVUSDT,KAVAUSDT,KEYUSDT,KMDUSDT,KNCUSDT,KSMUSDT,LINKUSDC,LINKUSDT,LITUSDT,LRCUSDT,LSKUSDT,LTCUSDC,LTCUSDT,LTOUSDT,LUNAUSDT,MANAUSDT,MATICUSDT,MBLUSDT,MDTUSDT,MFTUSDT,MITHUSDT,MKRUSDT,MTLUSDT,NANOUSDT,NBSUSDT,NEARUSDT,NEOUSDC,NEOUSDT,NKNUSDT,NMRUSDT,NULSUSDT,OCEANUSDT,OGNUSDT,OGUSDT,OMGUSDT,ONEUSDT,ONGUSDT,ONTUSDT,ORNUSDT,OXTUSDT,PAXGUSDT,PAXUSDT,PERLUSDT,PNTUSDT,PSGUSDT,QTUMUSDT,REEFUSDT,RENUSDT,REPUSDT,RIFUSDT,RLCUSDT,ROSEUSDT,RSRUSDT,RUNEUSDT,RVNUSDT,SANDUSDT,SCUSDT,SFPUSDT,SKLUSDT,SNXUSDT,SOLUSDT,SRMUSDT,STMXUSDT,STORJUSDT,STPTUSDT,STRAXUSDT,STXUSDT,SUSDUSDT,SUSHIUSDT,SXPUSDT,TCTUSDT,TFUELUSDT,THETAUSDT,TOMOUSDT,TRBUSDT,TROYUSDT,TRUUSDT,TRXUSDC,TRXUSDT,TUSDUSDT,TWTUSDT,UMAUSDT,UNFIUSDT,UNIUSDT,USDCUSDT,UTKUSDT,VETUSDT,VITEUSDT,VTHOUSDT,WANUSDT,WAVESUSDT,WINGUSDT,WINUSDC,WINUSDT,WNXMUSDT,WRXUSDT,WTCUSDT,XEMUSDT,XLMUSDT,XMRUSDT,XRPUSDC,XRPUSDT,XTZUSDT,XVSUSDT,YFIIUSDT,YFIUSDT,ZECUSDC,ZECUSDT,ZENUSDT,ZILUSDT,ZRXUSDT,
BNBUSDC,0.0,2.0232833086206896,0.011470165402298858,431.66037025287363,432.7511761609197,7.171900114942527E-4,8.16384804597701E-6,8.193873678160923E-6,2.037945977011585E-4,0.0,0.0,5.1373793103448303E-5,0.0,2.167046563218391E-4,0.0,0.0,2.9048273563218397E-4,0.0018947190919540232,0.0,0.0,0.003686745712643681,0.00910107827586207,7.581904137931032E-4,7.136773850574714,0.023817196643678165,0.0,6.41571298850575E-6,0.0,0.0,0.0,2.8958379540229887E-4,1.2159149413793103E-4,0.0,8.288558620689657E-4,0.0,0.008501592448275865,0.2402884885057471,0.2414746391954022,0.32172108103448305,25.202871103448274,25.196240436781615,-0.0034296956321838946,8.651977471264371E-4,0.0,0.0,0.0,0.0,1.3843266666666666E-4,0.20107729425287357,-3.6304482758620694E-5,0.0,0.0,3.247778045977011E-4,0.0,0.0,6.91701896551725E-4,0.0,0.0,7.64923287356322E-6,0.01873290011494254,0.0,1.8000642988505745E-4,0.010974907471264365,1.949585183908046E-4,0.0,0.0,0.0,0.040209594827586216,-1.717649908045977E-4,0.0,0.0,0.0,0.7666196001149426,0.7671850944827586,0.0,0.0,0.0378762340229885,2.3252215747126432,2.372261229885058,0.005546589367816094,0.0,0.0,0.0012316481379310343,-7.921465977011492E-5,0.0,-4.857561379310345E-5,2.5293564367816104E-4,0.0,-0.030630889885057473,0.052060460574712634,0.0,0.0,0.5679964724137929,0.5704877068965518,0.0015197915402298853,0.0,0.010116731149425294,0.0,0.011861162183908048,0.0,0.04172593517241378,1.0589125287356327E-4,0.002604694022988506,0.02835684620689657,0.0,0.0,0.0,2.4543689655173457E-4,6.370146781609195E-4,0.0,0.0,0.10549560574712642,0.0,0.00801963522988506,0.0,0.0,0.011687502068965516,0.0,0.0,0.0,0.0012843255632183914,0.0,0.0,0.0,0.0,0.0,0.0,0.0,0.0,0.0,-0.0019530082758620689,0.0,0.003769902183908048,0.0,0.0,0.0,5.807530540229887E-4,1.1838090804597722E-5,0.007678933172413796,0.04584901678160919,0.0,2.948641459770114E-4,0.0,0.001002157356321839,0.0010051132183908048,1.5058183908045909E-4,0.0,0.0,0.0,0.0,1.5650574712643782E-4,0.0,4.949852678160921E-4,9.645244252873564E-4,0.0,0.008860997586206898,0.07586882471264368,0.0,4.113909770114943E-6,4.042528390804598E-6,0.0,0.020766882045977014,0.15746501011494254,0.0,0.0066529637701149445,5.527309494252875,0.011674310103448273,0.011727391402298849,0.34776382126436783,0.0,0.0,0.0,6.244559747126439,6.226300057471264,0.0,3.060111839080459E-4,0.013216906091954023,
BNBUSDT,2.0232833086206896,0.0,0.01154719427586207,433.80156747586193,434.9680087103449,7.207991379310346E-4,8.210448137931033E-6,8.24352551724138E-6,2.1392413793104353E-4,0.0,0.0,5.1645806896551736E-5,0.0,2.1804424344827575E-4,0.0,0.0,2.913985310344827E-4,0.0019091532758620689,0.0,0.0,0.0036539275034482735,0.00920552124137931,7.608647655172414E-4,7.1659728896551735,0.02405179659310345,0.0,6.4342846896551734E-6,0.0,0.0,0.0,2.924690793103448E-4,1.223194189655172E-4,0.0,8.394091034482761E-4,0.0,0.008552759282758619,0.2418643388965517,0.24309045613793095,0.3234221557931035,25.361835641379304,25.357397875862066,-0.0033725407586206744,8.708894827586206E-4,0.0,0.0,0.0,0.0,1.3904986896551725E-4,0.20220830689655167,-3.660059517241377E-5,0.0,0.0,3.2308626206896553E-4,0.0,0.0,6.883494827586216E-4,0.0,0.0,7.646557586206901E-6,0.018817234551724137,0.0,1.8076648965517235E-4,0.011031171379310346,1.959476006896552E-4,0.0,0.0,0.0,0.040537675655172405,-1.725685227586207E-4,0.0,0.0,0.0,0.7690379829655172,0.7696208511724136,0.0,0.0,0.03814392324137932,2.341967634482759,2.38949751724138,0.005562686213793105,0.0,0.0,0.0012366313999999999,-7.906304758620686E-5,0.0,-4.880240275862069E-5,2.540489379310345E-4,0.0,-0.030574634551724135,0.052402892482758624,0.0,0.0,0.5708627055172414,0.573465095862069,0.0015302021172413792,0.0,0.010160604965517244,0.0,0.011929315931034485,0.0,0.04202498634482759,1.0652673793103448E-4,0.002625753586206896,0.028533628482758634,0.0,0.0,0.0,2.5859531034483764E-4,6.484873862068968E-4,0.0,0.0,0.10584648068965517,0.0,0.008048761696551726,0.0,0.0,0.011805465379310345,0.0,0.0,0.0,0.0012885344275862076,0.0,0.0,0.0,0.0,0.0,0.0,0.0,0.0,0.0,-0.001966280924137931,0.0,0.003820154206896555,0.0,0.0,0.0,5.824738406896554E-4,1.2233876551724156E-5,0.00774672204137931,0.04608014951724139,0.0,2.961384337241379E-4,0.0,0.0010076580827586203,0.0010107264275862069,1.6229179310344732E-4,0.0,0.0,0.0,0.0,1.691115172413802E-4,0.0,4.987658124137931E-4,9.68526813793103E-4,0.0,0.008917132068965519,0.07617007731034482,0.0,4.1395569655172405E-6,4.068812896551725E-6,0.0,0.020917617268965523,0.15890410882758618,0.0,0.006688695875862069,5.5565884,0.011734316765517238,0.011790580579310346,0.3494656328965517,0.0,0.0,0.0,6.281389158620691,6.2640026275862075,0.0,3.0834328965517223E-4,0.013281188482758622,
BNTUSDT,0.011470165402298858,0.01154719427586207,0.0,3.4613249287356327,3.4715827885057484,6.981149425287357E-6,8.281570114942527E-8,8.359747126436779E-8,1.165287356321876E-6,0.0,0.0,6.873379310344827E-7,0.0,1.986929425287356E-6,0.0,0.0,2.6050045977011494E-6,1.598112643678161E-5,0.0,0.0,4.720499540229885E-5,5.207213793103449E-5,7.732496551724136E-6,0.04682131954022988,1.1398689885057478E-4,0.0,5.327374712643678E-8,0.0,0.0,0.0,2.601019540229886E-6,7.85965172413793E-7,0.0,7.90337931034483E-6,0.0,7.104673793103449E-5,0.0016796552643678162,0.0016991021609195393,0.0025324143448275872,0.1616069379310345,0.1613257747126437,-3.058990804597687E-5,7.075816091954027E-6,0.0,0.0,0.0,0.0,1.3490942528735644E-6,0.0014166218390804597,-4.4411034482758544E-8,0.0,0.0,1.4937080459770113E-6,0.0,0.0,7.980896551724145E-6,0.0,0.0,6.923804597701148E-8,1.6695714942528749E-4,0.0,1.5979609195402298E-6,8.186264367816093E-5,1.1009714942528737E-6,0.0,0.0,0.0,3.2903544827586216E-4,-6.991432183908045E-7,0.0,0.0,0.0,0.0037779046666666675,0.003800388551724139,0.0,0.0,2.710767126436782E-4,0.019701291954022985,0.019996954022988515,3.6991726436781624E-5,0.0,0.0,9.695110344827588E-6,-1.843273563218387E-7,0.0,-1.5966068965517244E-7,1.7455885057471275E-6,0.0,-1.4696760919540234E-4,4.141165747126437E-4,0.0,0.0,0.004281731724137932,0.004319246896551724,1.0079981609195403E-5,0.0,8.821694252873569E-5,0.0,1.4058163218390803E-4,0.0,3.398633793103448E-4,1.3849011494252875E-6,2.4954298850574714E-5,2.3522006896551742E-4,0.0,0.0,0.0,1.619586206896544E-6,6.544002298850574E-6,0.0,0.0,7.426429885057473E-4,0.0,5.002124367816092E-5,0.0,0.0,1.4675144827586207E-4,0.0,0.0,0.0,9.260349425287361E-6,0.0,0.0,0.0,0.0,0.0,0.0,0.0,0.0,0.0,-7.399503448275863E-6,0.0,4.90726666666667E-5,0.0,0.0,0.0,3.7233871264367826E-6,3.577956321839084E-7,6.8862875862069E-5,2.7262650574712635E-4,0.0,1.4064337701149427E-6,0.0,7.479383908045976E-6,7.506970114942528E-6,8.126666666666528E-7,0.0,0.0,0.0,0.0,6.625747126436758E-7,0.0,3.061482298850576E-6,6.842018390804598E-6,0.0,7.714758620689657E-5,4.987489885057472E-4,0.0,2.7798528735632188E-8,2.7868321839080458E-8,0.0,1.543597218390805E-4,7.516722528735633E-4,0.0,4.636090114942529E-5,0.038788673563218384,8.359539310344831E-5,8.418025057471266E-5,0.0021977980919540233,0.0,0.0,0.0,0.038831547126436786,0.039199209195402304,0.0,2.4888321839080457E-6,8.417340229885057E-5,
BTCUSDC,431.66037025287363,433.80156747586193,3.4613249287356327,0.0,128135.53113356324,0.2594948557471265,0.003054283467816092,0.003075491425287356,0.02933695402298939,0.0,0.0,0.022889103793103455,0.0,0.06841628554022987,0.0,0.0,0.09943755264367818,0.5270439839080459,0.0,0.0,1.253315024942528,1.679804134482758,0.29061183379310346,1724.5149087356315,4.695612050459769,0.0,0.0020278678011494255,0.0,0.0,0.0,0.09454664011494254,0.030242224999999998,0.0,0.2712452275862069,0.0,2.093195701034483,62.85443439770113,63.40423263908044,92.66507604137934,5832.515872068964,5819.663129080458,-1.200015119540224,0.2694820183908046,0.0,0.0,0.0,0.0,0.053100896436781606,52.527274885057444,-0.0027880747931034403,0.0,0.0,0.06924293643678163,0.0,0.0,0.3052972655172418,0.0,0.0,0.0029243690402298867,6.084424636781612,0.0,0.05978438925287356,3.2066197873563214,0.044867298091954014,0.0,0.0,0.0,12.061729434482764,-0.029188028298850553,0.0,0.0,0.0,150.3948204160919,150.92634931379314,0.0,0.0,10.404432514942531,738.4730514942526,748.0956166666668,1.3630220504597703,0.0,0.0,0.3518758237931034,-0.010355592712643668,0.0,-0.006578917482758617,0.06940425563218394,0.0,-7.515007280459776,15.161434659770116,0.0,0.0,159.756511862069,161.4039817931034,0.36997296356321846,0.0,3.168092129885061,0.0,5.069910671264368,0.0,12.32688734827586,0.04318670436781608,0.8830606873563219,8.547998444827591,0.0,0.0,0.0,0.043878037931034744,0.2321921090804598,0.0,0.0,28.744746356321844,0.0,1.789217122873563,0.0,0.0,5.406001565517241,0.0,0.0,0.0,0.35421102333333343,0.0,0.0,0.0,0.0,0.0,0.0,0.0,0.0,0.0,-0.27907028344827567,0.0,1.6123677919540236,0.0,0.0,0.0,0.14432585001149426,0.011453408781609204,2.2085076148275857,10.111127645977012,0.0,0.05737258646091954,0.0,0.2743365750574713,0.2750694181609195,0.00764275747126509,0.0,0.0,0.0,0.0,0.0035411528735639084,0.0,0.11716391370114942,0.2552499381609195,0.0,2.8055965689655173,19.971935711494258,0.0,9.764431885057468E-4,9.667399747126439E-4,0.0,5.736554447816094,30.540460243678158,0.0,1.6307738060919537,1410.4084071264367,3.1017799424137933,3.1175333828735634,78.99491144597702,0.0,0.0,0.0,1352.1638835632184,1366.8999263218388,0.0,0.09305527505747123,3.320743145977011,
BTCUSDT,432.7511761609197,434.9680087103449,3.4715827885057484,128135.53113356324,0.0,0.26066061839080457,0.0030720515908045968,0.003093362436781608,0.03341625287356415,0.0,0.0,0.02295296620689656,0.0,0.06844021073563217,0.0,0.0,0.09971518459770114,0.5303200367816093,0.0,0.0,1.255552749885058,1.7118567517241376,0.2911113089655172,1727.664289885058,4.731636038850574,0.0,0.002029708188505747,0.0,0.0,0.0,0.09507671160919542,0.03033012386206897,0.0,0.27265535172413796,0.0,2.093507808965518,63.13490958850575,63.69915714022989,93.18440611724144,5854.554285517242,5842.36733402299,-1.2064703080459718,0.27033887816091956,0.0,0.0,0.0,0.0,0.053251265287356325,52.63328873563218,-0.0030319747586206864,0.0,0.0,0.06930836252873566,0.0,0.0,0.3055299586206899,0.0,0.0,0.0029405481839080466,6.110426377011494,0.0,0.059958178160919536,3.2234733333333327,0.04501479308045979,0.0,0.0,0.0,12.092194593103454,-0.02942381383908047,0.0,0.0,0.0,150.85246945287358,151.39617293793106,0.0,0.0,10.409891719540234,742.4469340229882,752.1972816091952,1.3675438629885057,0.0,0.0,0.353056971724138,-0.010227890252873559,0.0,-0.006640797379310347,0.06961372850574715,0.0,-7.517790733333335,15.217014767816089,0.0,0.0,160.23939648275862,161.9015366896551,0.3714364960919541,0.0,3.169853501149427,0.0,5.1096379977011495,0.0,12.39098093793104,0.04336356045977013,0.8883133402298853,8.592437200000003,0.0,0.0,0.0,0.04851493793103474,0.23404131816091958,0.0,0.0,28.87248754022989,0.0,1.7928162250574713,0.0,0.0,5.452081579310345,0.0,0.0,0.0,0.3550435121839081,0.0,0.0,0.0,0.0,0.0,0.0,0.0,0.0,0.0,-0.28261451172413793,0.0,1.6232151356321842,0.0,0.0,0.0,0.14511639622988512,0.011524462390804603,2.2198529468965518,10.136900016091955,0.0,0.057430624749425306,0.0,0.27562665356321836,0.27640966390804605,0.01246713563218467,0.0,0.0,0.0,0.0,0.008391891954023751,0.0,0.11782159257471264,0.2557399142528735,0.0,2.8132713103448275,20.00657828505747,0.0,9.824475839080456E-4,9.724210873563216E-4,0.0,5.778079226666666,30.752360625287363,0.0,1.6373455845977012,1416.664252183908,3.1214421296551724,3.1382362381609177,79.20714378850577,0.0,0.0,0.0,1354.7846878160924,1369.329990574713,0.0,0.09355651563218387,3.331263705747127,
BTSUSDT,7.171900114942527E-4,7.207991379310346E-4,6.981149425287357E-6,0.2594948557471265,0.26066061839080457,0.0,8.288902298850576E-9,8.343149425287358E-9,7.905747126437008E-8,0.0,0.0,6.128103448275864E-8,0.0,1.7428057471264367E-7,0.0,0.0,2.5766436781609195E-7,1.0914494252873556E-6,0.0,0.0,8.66237356321837E-7,3.732293103448276E-6,7.586310344827584E-7,0.0029185632183908027,6.550813218390804E-6,0.0,4.72578735632184E-9,0.0,0.0,0.0,2.409597701149426E-7,5.420420689655174E-8,0.0,6.909655172413793E-7,0.0,2.773270689655172E-6,1.261575287356322E-4,1.2755549425287358E-4,2.0299844827586223E-4,0.00959294310344828,0.009572116666666665,-2.509057471264354E-6,6.308977011494254E-7,0.0,0.0,0.0,0.0,1.5260402298850575E-7,1.010886781609195E-4,-2.9805172413793E-9,0.0,0.0,1.1330057471264365E-7,0.0,0.0,9.11362068965518E-7,0.0,0.0,9.138281609195405E-9,1.3713402298850576E-5,0.0,1.4772373563218394E-7,7.506132183908047E-6,7.988057471264368E-8,0.0,0.0,0.0,2.7087000000000007E-5,-3.5276091954022986E-8,0.0,0.0,0.0,1.8991819540229885E-4,1.9053584482758615E-4,0.0,0.0,2.093325287356323E-5,0.0018142632183908046,0.0018257442528735641,2.5674304597701146E-6,0.0,0.0,7.055568965517238E-7,9.961839080459802E-9,0.0,-3.080172413793105E-9,1.6575287356321842E-7,0.0,-1.548128735632184E-5,3.703311494252873E-5,0.0,0.0,3.3664000000000014E-4,3.4273310344827605E-4,6.977511494252872E-7,0.0,6.925074712643681E-6,0.0,1.4720816091954029E-5,0.0,2.705705172413794E-5,9.891609195402296E-8,2.180390804597701E-6,1.90973275862069E-5,0.0,0.0,0.0,1.1891379310344699E-7,5.580373563218393E-7,0.0,0.0,6.195270114942528E-5,0.0,2.7695408045977E-6,0.0,0.0,1.6657310344827595E-5,0.0,0.0,0.0,7.119281609195405E-7,0.0,0.0,0.0,0.0,0.0,0.0,0.0,0.0,0.0,-2.017999999999999E-7,0.0,4.499833333333336E-6,0.0,0.0,0.0,2.79777183908046E-7,3.960264367816096E-8,3.933718965517241E-6,1.4831149425287355E-5,0.0,7.803200574712646E-8,0.0,5.759005747126438E-7,5.773816091954023E-7,4.159195402298813E-8,0.0,0.0,0.0,0.0,2.654597701149741E-8,0.0,2.1057287356321852E-7,4.998160919540229E-7,0.0,6.313155172413791E-6,3.9453821839080476E-5,0.0,1.91316091954023E-9,1.9138505747126434E-9,0.0,1.2850926436781608E-5,4.047360919540231E-5,0.0,2.5466074712643674E-6,0.0028188195402298853,6.9364534482758635E-6,6.996375287356321E-6,1.1233056321839083E-4,0.0,0.0,0.0,0.001830120114942528,0.0018534856321839083,0.0,2.245557471264367E-7,6.466821839080463E-6,
BTTUSDC,8.16384804597701E-6,8.210448137931033E-6,8.281570114942527E-8,0.003054283467816092,0.0030720515908045968,8.288902298850576E-9,0.0,1.0809252873563218E-10,5.702298850575065E-10,0.0,0.0,7.637482758620691E-10,0.0,2.0359947126436773E-9,0.0,0.0,3.0350298850574707E-9,1.2756839080459767E-8,0.0,0.0,8.227608045977003E-9,4.3023206896551725E-8,8.856124137931029E-9,3.257892183908044E-5,7.176042873563212E-8,0.0,5.6315045977011464E-11,0.0,0.0,0.0,2.8998356321839086E-9,6.307924137931032E-10,0.0,8.583172413793103E-9,0.0,3.438979655172414E-8,1.5202016321839076E-6,1.531653701149425E-6,2.451853931034484E-6,1.1133807931034479E-4,1.1102644942528737E-4,-2.6347678160919364E-8,7.526632183908047E-9,0.0,0.0,0.0,0.0,1.8055781609195409E-9,1.2035247126436778E-6,-5.919068965517237E-11,0.0,0.0,1.393964367816092E-9,0.0,0.0,1.0510793103448279E-8,0.0,0.0,1.1696212643678158E-10,1.6278698850574714E-7,0.0,1.7490166666666663E-9,9.118339080459766E-8,9.224043678160918E-10,0.0,0.0,0.0,3.357555862068966E-7,-3.3787402298850554E-10,0.0,0.0,0.0,2.044937402298848E-6,2.051098517241378E-6,0.0,0.0,2.40533632183908E-7,2.2201570114942526E-5,2.2256959770114934E-5,2.935470459770115E-8,0.0,0.0,8.350113793103448E-9,1.8739632183908075E-10,0.0,8.796551724137895E-13,1.971687356321839E-9,0.0,-1.7326445977011498E-7,3.9872066666666643E-7,0.0,0.0,3.994161379310345E-6,4.0381427586206895E-6,8.280414942528732E-9,0.0,9.92087471264368E-8,0.0,1.771962988505747E-7,0.0,3.2625817241379306E-7,1.1598574712643676E-9,2.8418114942528742E-8,2.3222286206896558E-7,0.0,0.0,0.0,1.2167931034482507E-9,7.595083908045979E-9,0.0,0.0,7.323001149425283E-7,0.0,3.0733808045976995E-8,0.0,0.0,2.0724958620689657E-7,0.0,0.0,0.0,8.472736781609197E-9,0.0,0.0,0.0,0.0,0.0,0.0,0.0,0.0,0.0,-2.1052896551724122E-9,0.0,5.44192298850575E-8,0.0,0.0,0.0,2.9147490804597682E-9,5.409491954022991E-10,4.875096896551723E-8,1.6572556321839078E-7,0.0,8.328146781609192E-10,0.0,7.127529885057469E-9,7.13851264367816E-9,3.1612643678163957E-10,0.0,0.0,0.0,0.0,1.510459770115036E-10,0.0,2.4419625287356313E-9,5.805740229885057E-9,0.0,7.735224137931032E-8,4.5777670114942525E-7,0.0,2.5104919540229886E-11,2.5066505747126437E-11,0.0,1.449106919540229E-7,4.3558222988505723E-7,0.0,3.028015057471264E-8,3.244742988505747E-5,8.509514137931033E-8,8.558166321839078E-8,1.2777605287356318E-6,0.0,0.0,0.0,2.0546194252873555E-5,2.0839945977011495E-5,0.0,2.755805747126435E-9,7.514573563218383E-8,
BTTUSDT,8.193873678160923E-6,8.24352551724138E-6,8.359747126436779E-8,0.003075491425287356,0.003093362436781608,8.343149425287358E-9,1.0809252873563218E-10,0.0,6.118390804598057E-10,0.0,0.0,7.692413793103446E-10,0.0,2.0510632183908033E-9,0.0,0.0,3.0599425287356317E-9,1.2826885057471268E-8,0.0,0.0,9.024678160919527E-9,4.266965517241379E-8,8.895034482758614E-9,3.268329885057469E-5,7.286367816091955E-8,0.0,5.685919540229881E-11,0.0,0.0,0.0,2.910040229885057E-9,6.352355172413793E-10,0.0,8.606551724137933E-9,0.0,3.449820689655173E-8,1.5313716091954015E-6,1.543997816091954E-6,2.4689293103448284E-6,1.1222282758620692E-4,1.1193809195402294E-4,-2.5629770114942362E-8,7.555057471264371E-9,0.0,0.0,0.0,0.0,1.8118390804597706E-9,1.2094770114942528E-6,-4.7189655172414226E-11,0.0,0.0,1.3668390804597704E-9,0.0,0.0,1.0529965517241383E-8,0.0,0.0,1.1726149425287355E-10,1.6295528735632188E-7,0.0,1.7634540229885056E-9,9.181229885057468E-8,9.187114942528738E-10,0.0,0.0,0.0,3.3818862068965524E-7,-3.387252873563221E-10,0.0,0.0,0.0,2.0513345977011482E-6,2.0580024137931034E-6,0.0,0.0,2.4179609195402297E-7,2.2436781609195406E-5,2.249502298850575E-5,2.9523160919540225E-8,0.0,0.0,8.42358620689655E-9,1.8896436781609188E-10,0.0,1.8275862068954455E-13,1.980747126436782E-9,0.0,-1.7139505747126454E-7,4.0089712643678133E-7,0.0,0.0,4.023413793103449E-6,4.071131034482758E-6,8.202436781609196E-9,0.0,9.877390804597709E-8,0.0,1.7943839080459772E-7,0.0,3.286065517241379E-7,1.171080459770115E-9,2.848609195402299E-8,2.338834482758621E-7,0.0,0.0,0.0,1.2810344827585944E-9,7.620367816091955E-9,0.0,0.0,7.377402298850576E-7,0.0,3.066471264367816E-8,0.0,0.0,2.0869137931034485E-7,0.0,0.0,0.0,8.502390804597703E-9,0.0,0.0,0.0,0.0,0.0,0.0,0.0,0.0,0.0,-2.011689655172419E-9,0.0,5.4653908045977026E-8,0.0,0.0,0.0,2.9120505747126435E-9,5.437563218390805E-10,4.916710344827585E-8,1.6589436781609194E-7,0.0,8.322604597701156E-10,0.0,7.181977011494251E-9,7.195218390804598E-9,3.708045977011781E-10,0.0,0.0,0.0,0.0,1.960919540229963E-10,0.0,2.456126436781609E-9,5.841770114942529E-9,0.0,7.77555172413793E-8,4.5536160919540244E-7,0.0,2.491597701149426E-11,2.4900114942528733E-11,0.0,1.4587956321839078E-7,4.416018390804599E-7,0.0,3.059249425287356E-8,3.261342528735631E-5,8.560141379310342E-8,8.611191954022987E-8,1.2903160919540234E-6,0.0,0.0,0.0,2.058729885057471E-5,2.0906712643678162E-5,0.0,2.7759770114942516E-9,7.573540229885055E-8,
BUSDUSDT,2.037945977011585E-4,2.1392413793104353E-4,1.165287356321876E-6,0.02933695402298939,0.03341625287356415,7.905747126437008E-8,5.702298850575065E-10,6.118390804598057E-10,0.0,0.0,0.0,-8.965517241377076E-10,0.0,-4.983908045977803E-9,0.0,0.0,1.1954022988507629E-8,3.6187356321839766E-7,0.0,0.0,1.0539770114941954E-6,3.2017241379310785E-6,8.827586206899856E-9,7.527701149425621E-4,4.9214252873564865E-6,0.0,1.2977011494255427E-10,0.0,0.0,0.0,2.53045977011511E-8,1.2838620689655729E-8,0.0,6.241379310344994E-8,0.0,4.1582758620691524E-7,3.160494252873675E-5,3.3720459770116065E-5,4.60417241379322E-5,0.0033817931034484106,0.0034622873563219746,-9.433333333333406E-7,6.935632183908418E-8,0.0,0.0,0.0,0.0,9.540229885066977E-10,1.4891954022989123E-5,-2.225172413793161E-8,0.0,0.0,-1.7701149425276845E-9,0.0,0.0,8.068965517240047E-9,0.0,0.0,-7.632183908041785E-11,1.8533333333333363E-6,0.0,9.718390804598263E-9,1.1977011494253537E-6,1.7126436781610108E-8,0.0,0.0,0.0,2.604482758620988E-6,-3.965747126436892E-8,0.0,0.0,0.0,9.115574712644149E-5,9.212724137931495E-5,0.0,0.0,2.122183908045964E-6,2.7525287356323154E-4,2.9583908045978374E-4,6.284252873563471E-7,0.0,0.0,1.3606896551724539E-7,-3.605747126437242E-9,0.0,-1.3720689655172746E-8,9.528735632185127E-9,0.0,-1.0287356321839803E-6,7.312183908046163E-6,0.0,0.0,4.7468965517243915E-5,5.1131034482761084E-5,1.3852873563218968E-7,0.0,-1.7442528735632231E-6,0.0,2.575747126436786E-6,0.0,5.2982758620691455E-6,1.740229885057467E-8,2.2839080459771216E-7,3.59551724137945E-6,0.0,0.0,0.0,5.527586206896484E-7,6.345977011494601E-8,0.0,0.0,1.1566666666667125E-5,0.0,7.349770114942836E-7,0.0,0.0,2.2103448275862365E-6,0.0,0.0,0.0,8.409195402299325E-8,0.0,0.0,0.0,0.0,0.0,0.0,0.0,0.0,0.0,-4.865517241379431E-7,0.0,6.460919540229813E-7,0.0,0.0,0.0,1.1721839080459887E-7,-4.549425287356433E-9,1.2650344827586524E-6,5.169770114942631E-6,0.0,2.7539195402299984E-8,0.0,1.197126436781661E-7,1.2622988505747647E-7,5.781609195402211E-7,0.0,0.0,0.0,0.0,5.708045977011478E-7,0.0,7.918735632184187E-8,7.757471264368309E-8,0.0,3.1000000000000656E-7,2.4873563218395646E-6,0.0,2.84712643678176E-10,2.6057471264369514E-10,0.0,4.2695747126437395E-6,3.11398850574723E-5,0.0,9.782298850575037E-7,8.09126436781632E-4,1.4845517241379933E-6,1.6044252873563806E-6,4.1333908045978794E-5,0.0,0.0,0.0,7.184942528736022E-4,7.070459770115332E-4,0.0,4.1712643678163006E-8,1.5370114942529448E-6,
BZRXUSDT,0.0,0.0,0.0,0.0,0.0,0.0,0.0,0.0,0.0,0.0,0.0,0.0,0.0,0.0,0.0,0.0,0.0,0.0,0.0,0.0,0.0,0.0,0.0,0.0,0.0,0.0,0.0,0.0,0.0,0.0,0.0,0.0,0.0,0.0,0.0,0.0,0.0,0.0,0.0,0.0,0.0,0.0,0.0,0.0,0.0,0.0,0.0,0.0,0.0,0.0,0.0,0.0,0.0,0.0,0.0,0.0,0.0,0.0,0.0,0.0,0.0,0.0,0.0,0.0,0.0,0.0,0.0,0.0,0.0,0.0,0.0,0.0,0.0,0.0,0.0,0.0,0.0,0.0,0.0,0.0,0.0,0.0,0.0,0.0,0.0,0.0,0.0,0.0,0.0,0.0,0.0,0.0,0.0,0.0,0.0,0.0,0.0,0.0,0.0,0.0,0.0,0.0,0.0,0.0,0.0,0.0,0.0,0.0,0.0,0.0,0.0,0.0,0.0,0.0,0.0,0.0,0.0,0.0,0.0,0.0,0.0,0.0,0.0,0.0,0.0,0.0,0.0,0.0,0.0,0.0,0.0,0.0,0.0,0.0,0.0,0.0,0.0,0.0,0.0,0.0,0.0,0.0,0.0,0.0,0.0,0.0,0.0,0.0,0.0,0.0,0.0,0.0,0.0,0.0,0.0,0.0,0.0,0.0,0.0,0.0,0.0,0.0,0.0,0.0,0.0,0.0,0.0,0.0,0.0,0.0,0.0,0.0,0.0,0.0,0.0,0.0,0.0,
CELOUSDT,0.0,0.0,0.0,0.0,0.0,0.0,0.0,0.0,0.0,0.0,0.0,0.0,0.0,0.0,0.0,0.0,0.0,0.0,0.0,0.0,0.0,0.0,0.0,0.0,0.0,0.0,0.0,0.0,0.0,0.0,0.0,0.0,0.0,0.0,0.0,0.0,0.0,0.0,0.0,0.0,0.0,0.0,0.0,0.0,0.0,0.0,0.0,0.0,0.0,0.0,0.0,0.0,0.0,0.0,0.0,0.0,0.0,0.0,0.0,0.0,0.0,0.0,0.0,0.0,0.0,0.0,0.0,0.0,0.0,0.0,0.0,0.0,0.0,0.0,0.0,0.0,0.0,0.0,0.0,0.0,0.0,0.0,0.0,0.0,0.0,0.0,0.0,0.0,0.0,0.0,0.0,0.0,0.0,0.0,0.0,0.0,0.0,0.0,0.0,0.0,0.0,0.0,0.0,0.0,0.0,0.0,0.0,0.0,0.0,0.0,0.0,0.0,0.0,0.0,0.0,0.0,0.0,0.0,0.0,0.0,0.0,0.0,0.0,0.0,0.0,0.0,0.0,0.0,0.0,0.0,0.0,0.0,0.0,0.0,0.0,0.0,0.0,0.0,0.0,0.0,0.0,0.0,0.0,0.0,0.0,0.0,0.0,0.0,0.0,0.0,0.0,0.0,0.0,0.0,0.0,0.0,0.0,0.0,0.0,0.0,0.0,0.0,0.0,0.0,0.0,0.0,0.0,0.0,0.0,0.0,0.0,0.0,0.0,0.0,0.0,0.0,0.0,
CELRUSDT,5.1373793103448303E-5,5.1645806896551736E-5,6.873379310344827E-7,0.022889103793103455,0.02295296620689656,6.128103448275864E-8,7.637482758620691E-10,7.692413793103446E-10,-8.965517241377076E-10,0.0,0.0,0.0,0.0,1.7649034482758612E-8,0.0,0.0,2.2226896551724143E-8,8.620689655172413E-8,0.0,0.0,1.719300000000002E-7,2.064724137931035E-7,7.448413793103448E-8,2.583089655172414E-4,3.801513793103448E-7,0.0,4.182655172413792E-10,0.0,0.0,0.0,2.104758620689656E-8,4.285724137931036E-9,0.0,7.016551724137933E-8,0.0,3.4675137931034486E-7,1.0673882758620689E-5,1.079826206896552E-5,1.8742262068965525E-5,7.866644827586209E-4,7.824148275862075E-4,-8.001379310344733E-8,5.554137931034486E-8,0.0,0.0,0.0,0.0,1.393068965517242E-8,8.530517241379308E-6,2.388379310344828E-9,0.0,0.0,7.326551724137931E-9,0.0,0.0,8.99517241379311E-8,0.0,0.0,7.826379310344829E-10,1.1534275862068973E-6,0.0,1.3153275862068969E-8,6.185E-7,5.7725517241379335E-9,0.0,0.0,0.0,2.3399241379310354E-6,-2.721379310344824E-10,0.0,0.0,0.0,1.156266206896552E-5,1.1681010344827587E-5,0.0,0.0,1.9128206896551733E-6,1.6664758620689666E-4,1.6739137931034482E-4,2.0311689655172412E-7,0.0,0.0,6.533689655172415E-8,1.8949655172413796E-9,0.0,6.547931034482748E-10,1.2360000000000004E-8,0.0,-8.106344827586216E-7,2.694496551724138E-6,0.0,0.0,2.9324551724137943E-5,2.9720206896551727E-5,4.782862068965516E-8,0.0,8.862862068965524E-7,0.0,1.2680827586206898E-6,0.0,2.38566551724138E-6,1.025103448275862E-8,2.1126896551724145E-7,1.7923689655172413E-6,0.0,0.0,0.0,1.2862068965515823E-9,5.624448275862069E-8,0.0,0.0,5.148034482758623E-6,0.0,2.2656172413793115E-7,0.0,0.0,1.5011103448275865E-6,0.0,0.0,0.0,6.414241379310349E-8,0.0,0.0,0.0,0.0,0.0,0.0,0.0,0.0,0.0,9.048275862068802E-10,0.0,4.284793103448277E-7,0.0,0.0,0.0,1.8078655172413793E-8,4.437724137931037E-9,3.8935482758620685E-7,1.1936620689655171E-6,0.0,5.26165862068966E-9,0.0,5.0332068965517265E-8,5.0323448275862085E-8,-5.865517241379333E-9,0.0,0.0,0.0,0.0,-6.472413793103793E-9,0.0,1.588868965517242E-8,4.1807586206896565E-8,0.0,6.055344827586206E-7,2.9678241379310353E-6,0.0,2.384620689655173E-10,2.3944137931034483E-10,0.0,9.458641379310345E-7,2.470731034482759E-6,0.0,2.3049068965517253E-7,2.342041379310346E-4,6.081375862068968E-7,6.098037931034484E-7,9.923303448275867E-6,0.0,0.0,0.0,1.6445758620689652E-4,1.6552724137931034E-4,0.0,1.9094137931034485E-8,5.446103448275863E-7,
CHRUSDT,0.0,0.0,0.0,0.0,0.0,0.0,0.0,0.0,0.0,0.0,0.0,0.0,0.0,0.0,0.0,0.0,0.0,0.0,0.0,0.0,0.0,0.0,0.0,0.0,0.0,0.0,0.0,0.0,0.0,0.0,0.0,0.0,0.0,0.0,0.0,0.0,0.0,0.0,0.0,0.0,0.0,0.0,0.0,0.0,0.0,0.0,0.0,0.0,0.0,0.0,0.0,0.0,0.0,0.0,0.0,0.0,0.0,0.0,0.0,0.0,0.0,0.0,0.0,0.0,0.0,0.0,0.0,0.0,0.0,0.0,0.0,0.0,0.0,0.0,0.0,0.0,0.0,0.0,0.0,0.0,0.0,0.0,0.0,0.0,0.0,0.0,0.0,0.0,0.0,0.0,0.0,0.0,0.0,0.0,0.0,0.0,0.0,0.0,0.0,0.0,0.0,0.0,0.0,0.0,0.0,0.0,0.0,0.0,0.0,0.0,0.0,0.0,0.0,0.0,0.0,0.0,0.0,0.0,0.0,0.0,0.0,0.0,0.0,0.0,0.0,0.0,0.0,0.0,0.0,0.0,0.0,0.0,0.0,0.0,0.0,0.0,0.0,0.0,0.0,0.0,0.0,0.0,0.0,0.0,0.0,0.0,0.0,0.0,0.0,0.0,0.0,0.0,0.0,0.0,0.0,0.0,0.0,0.0,0.0,0.0,0.0,0.0,0.0,0.0,0.0,0.0,0.0,0.0,0.0,0.0,0.0,0.0,0.0,0.0,0.0,0.0,0.0,
CHZUSDT,2.167046563218391E-4,2.1804424344827575E-4,1.986929425287356E-6,0.06841628554022987,0.06844021073563217,1.7428057471264367E-7,2.0359947126436773E-9,2.0510632183908033E-9,-4.983908045977803E-9,0.0,0.0,1.7649034482758612E-8,0.0,0.0,0.0,0.0,6.047305747126435E-8,3.2639252873563193E-7,0.0,0.0,3.935286666666664E-7,1.2673199999999996E-6,1.9529882758620674E-7,7.549068045977007E-4,1.26091756321839E-6,0.0,1.2452039080459767E-9,0.0,0.0,0.0,6.2998908045977E-8,1.324780344827585E-8,0.0,2.1455586206896543E-7,0.0,1.0753733103448274E-6,3.208497494252873E-5,3.2164888735632165E-5,5.29748875862069E-5,0.002567398206896551,0.002558358459770115,-3.569526436781572E-7,1.5862149425287358E-7,0.0,0.0,0.0,0.0,3.571733333333333E-8,2.846374712643677E-5,3.3524206896551743E-9,0.0,0.0,3.130291954022989E-8,0.0,0.0,2.450120689655173E-7,0.0,0.0,2.1444160919540224E-9,3.698331954022989E-6,0.0,3.9142114942528716E-8,1.6904597701149419E-6,1.921094022988506E-8,0.0,0.0,0.0,7.0164903448275844E-6,-6.0042574712643615E-9,0.0,0.0,0.0,4.301232574712642E-5,4.3216345517241365E-5,0.0,0.0,6.2913259770114975E-6,4.4526570114942506E-4,4.4743597701149416E-4,6.870220459770112E-7,0.0,0.0,1.8581268965517234E-7,3.078308045977014E-9,0.0,2.467586206896322E-11,4.376480459770114E-8,0.0,-2.9676342528735636E-6,9.330413563218384E-6,0.0,0.0,8.664088965517238E-5,8.808453103448272E-5,1.9366052873563209E-7,0.0,2.424734022988506E-6,0.0,3.956631954022988E-6,0.0,6.9504110344827575E-6,2.7450643678160926E-8,5.985328735632181E-7,4.704433793103449E-6,0.0,0.0,0.0,4.6282758620680634E-9,1.4520032183908042E-7,0.0,0.0,1.5288949425287355E-5,0.0,8.774392873563216E-7,0.0,0.0,4.024233793103447E-6,0.0,0.0,0.0,1.7898857471264374E-7,0.0,0.0,0.0,0.0,0.0,0.0,0.0,0.0,0.0,-5.910013793103445E-8,0.0,1.2095629885057473E-6,0.0,0.0,0.0,6.816957701149423E-8,1.092549195402299E-8,1.0059391724137927E-6,4.870417701149423E-6,0.0,2.246430022988505E-8,0.0,1.4631478160919536E-7,1.4622995402298853E-7,-1.2288735632185216E-8,0.0,0.0,0.0,0.0,-1.5322298850576793E-8,0.0,5.0169901149425284E-8,1.2725050574712643E-7,0.0,1.9359758620689642E-6,9.479465287356321E-6,0.0,6.77621609195402E-10,6.777340229885051E-10,0.0,3.3843962298850558E-6,8.665074022988503E-6,0.0,5.997740919540227E-7,7.570649885057468E-4,1.7905605517241371E-6,1.8013378390804598E-6,2.996548459770114E-5,0.0,0.0,0.0,5.455559080459768E-4,5.350020459770114E-4,0.0,5.1389954022988465E-8,1.5338177011494244E-6,
CKBUSDT,0.0,0.0,0.0,0.0,0.0,0.0,0.0,0.0,0.0,0.0,0.0,0.0,0.0,0.0,0.0,0.0,0.0,0.0,0.0,0.0,0.0,0.0,0.0,0.0,0.0,0.0,0.0,0.0,0.0,0.0,0.0,0.0,0.0,0.0,0.0,0.0,0.0,0.0,0.0,0.0,0.0,0.0,0.0,0.0,0.0,0.0,0.0,0.0,0.0,0.0,0.0,0.0,0.0,0.0,0.0,0.0,0.0,0.0,0.0,0.0,0.0,0.0,0.0,0.0,0.0,0.0,0.0,0.0,0.0,0.0,0.0,0.0,0.0,0.0,0.0,0.0,0.0,0.0,0.0,0.0,0.0,0.0,0.0,0.0,0.0,0.0,0.0,0.0,0.0,0.0,0.0,0.0,0.0,0.0,0.0,0.0,0.0,0.0,0.0,0.0,0.0,0.0,0.0,0.0,0.0,0.0,0.0,0.0,0.0,0.0,0.0,0.0,0.0,0.0,0.0,0.0,0.0,0.0,0.0,0.0,0.0,0.0,0.0,0.0,0.0,0.0,0.0,0.0,0.0,0.0,0.0,0.0,0.0,0.0,0.0,0.0,0.0,0.0,0.0,0.0,0.0,0.0,0.0,0.0,0.0,0.0,0.0,0.0,0.0,0.0,0.0,0.0,0.0,0.0,0.0,0.0,0.0,0.0,0.0,0.0,0.0,0.0,0.0,0.0,0.0,0.0,0.0,0.0,0.0,0.0,0.0,0.0,0.0,0.0,0.0,0.0,0.0,
COMPUSDT,0.0,0.0,0.0,0.0,0.0,0.0,0.0,0.0,0.0,0.0,0.0,0.0,0.0,0.0,0.0,0.0,0.0,0.0,0.0,0.0,0.0,0.0,0.0,0.0,0.0,0.0,0.0,0.0,0.0,0.0,0.0,0.0,0.0,0.0,0.0,0.0,0.0,0.0,0.0,0.0,0.0,0.0,0.0,0.0,0.0,0.0,0.0,0.0,0.0,0.0,0.0,0.0,0.0,0.0,0.0,0.0,0.0,0.0,0.0,0.0,0.0,0.0,0.0,0.0,0.0,0.0,0.0,0.0,0.0,0.0,0.0,0.0,0.0,0.0,0.0,0.0,0.0,0.0,0.0,0.0,0.0,0.0,0.0,0.0,0.0,0.0,0.0,0.0,0.0,0.0,0.0,0.0,0.0,0.0,0.0,0.0,0.0,0.0,0.0,0.0,0.0,0.0,0.0,0.0,0.0,0.0,0.0,0.0,0.0,0.0,0.0,0.0,0.0,0.0,0.0,0.0,0.0,0.0,0.0,0.0,0.0,0.0,0.0,0.0,0.0,0.0,0.0,0.0,0.0,0.0,0.0,0.0,0.0,0.0,0.0,0.0,0.0,0.0,0.0,0.0,0.0,0.0,0.0,0.0,0.0,0.0,0.0,0.0,0.0,0.0,0.0,0.0,0.0,0.0,0.0,0.0,0.0,0.0,0.0,0.0,0.0,0.0,0.0,0.0,0.0,0.0,0.0,0.0,0.0,0.0,0.0,0.0,0.0,0.0,0.0,0.0,0.0,
COSUSDT,2.9048273563218397E-4,2.913985310344827E-4,2.6050045977011494E-6,0.09943755264367818,0.09971518459770114,2.5766436781609195E-7,3.0350298850574707E-9,3.0599425287356317E-9,1.1954022988507629E-8,0.0,0.0,2.2226896551724143E-8,0.0,6.047305747126435E-8,0.0,0.0,0.0,3.9404252873563224E-7,0.0,0.0,-2.898436781609252E-8,1.3126620689655172E-6,2.951979310344826E-7,0.0012581135632183905,3.2374921839080435E-6,0.0,1.8900528735632177E-9,0.0,0.0,0.0,9.508701149425288E-8,2.2473586206896536E-8,0.0,2.542344827586207E-7,0.0,1.030753103448276E-6,4.8740963218390774E-5,4.912634252873562E-5,7.912646896551723E-5,0.003925252413793103,0.0039148073563218385,-1.0681057471264294E-6,2.4816666666666666E-7,0.0,0.0,0.0,0.0,6.157264367816094E-8,3.88122988505747E-5,-2.0914482758620675E-9,0.0,0.0,5.4037471264367834E-8,0.0,0.0,3.4817241379310357E-7,0.0,0.0,3.5472643678160925E-9,5.418829885057473E-6,0.0,5.470735632183908E-8,3.007494252873562E-6,3.4638298850574694E-8,0.0,0.0,0.0,1.043461379310345E-5,-1.623995402298849E-8,0.0,0.0,0.0,9.521109885057469E-5,9.50216827586206E-5,0.0,0.0,7.86403908045977E-6,6.966211494252874E-4,6.988114942528737E-4,1.0807818390804594E-6,0.0,0.0,2.653662068965517E-7,-9.216091954021942E-11,0.0,-2.0284827586206886E-9,6.551632183908047E-8,0.0,-6.651128735632186E-6,1.3076473563218387E-5,0.0,0.0,1.3217558620689653E-4,1.3358124137931028E-4,2.7608321839080464E-7,0.0,2.6626022988505755E-6,0.0,5.474174712643679E-6,0.0,1.0598199999999998E-5,3.45326436781609E-8,8.381425287356321E-7,7.279834482758621E-6,0.0,0.0,0.0,2.8406896551724314E-8,2.251094252873563E-7,0.0,0.0,2.4659701149425282E-5,0.0,1.1651059770114934E-6,0.0,0.0,5.964041379310345E-6,0.0,0.0,0.0,2.9238781609195385E-7,0.0,0.0,0.0,0.0,0.0,0.0,0.0,0.0,0.0,-1.0982965517241372E-7,0.0,1.5672781609195406E-6,0.0,0.0,0.0,1.0896928735632181E-7,1.3948643678160927E-8,1.4681841379310333E-6,6.174363218390803E-6,0.0,3.841666436781608E-8,0.0,2.1847747126436776E-7,2.1901540229885052E-7,-7.06666666666586E-9,0.0,0.0,0.0,0.0,-5.374712643676653E-9,0.0,8.735914942528735E-8,1.9607540229885052E-7,0.0,2.435241379310344E-6,1.709137011494252E-5,0.0,7.229333333333333E-10,7.239126436781607E-10,0.0,5.050869885057472E-6,2.0106581609195392E-5,0.0,1.0083291954022982E-6,0.0010638547126436777,2.673246206896551E-6,2.6822411494252868E-6,4.880952183908045E-5,0.0,0.0,0.0,8.092121839080456E-4,8.220990804597696E-4,0.0,8.438091954022987E-8,2.7600183908045964E-6,
COTIUSDT,0.0018947190919540232,0.0019091532758620689,1.598112643678161E-5,0.5270439839080459,0.5303200367816093,1.0914494252873556E-6,1.2756839080459767E-8,1.2826885057471268E-8,3.6187356321839766E-7,0.0,0.0,8.620689655172413E-8,0.0,3.2639252873563193E-7,0.0,0.0,3.9404252873563224E-7,0.0,0.0,0.0,5.724412643678161E-6,1.0540931034482756E-5,1.073613793103448E-6,0.006196333333333333,1.524895402298851E-5,0.0,8.261057471264368E-9,0.0,0.0,0.0,4.4222195402298857E-7,1.1830948275862066E-7,0.0,1.2066206896551728E-6,0.0,1.1515734482758622E-5,2.4596133333333326E-4,2.486011264367815E-4,3.6032917241379315E-4,0.024590782758620686,0.024591588505747126,-8.419977011494226E-6,1.0178022988505753E-6,0.0,0.0,0.0,0.0,1.8023563218390813E-7,2.2273494252873546E-4,-7.766724137931034E-8,0.0,0.0,1.8390804597701152E-7,0.0,0.0,1.1575482758620697E-6,0.0,0.0,1.0270045977011498E-8,3.079356321839081E-5,0.0,2.367374712643677E-7,1.1887022988505747E-5,1.5905528735632183E-7,0.0,0.0,0.0,5.593610344827586E-5,-1.372283908045977E-7,0.0,0.0,0.0,5.283370114942528E-4,5.314144482758619E-4,0.0,0.0,3.354236781609196E-5,0.0027461712643678145,0.0028016574712643677,6.258436781609196E-6,0.0,0.0,1.3827103448275859E-6,-3.6063908045976976E-8,0.0,-3.328034482758621E-8,2.686333333333334E-7,0.0,-2.735754022988506E-5,8.038129885057473E-5,0.0,0.0,6.28940344827586E-4,6.374055172413791E-4,2.1370574712643677E-6,0.0,1.5009114942528734E-5,0.0,2.479225287356322E-5,0.0,5.3113413793103445E-5,2.249977011494253E-7,4.263540229885059E-6,3.309341379310345E-5,0.0,0.0,0.0,4.786551724137873E-7,1.0880988505747128E-6,0.0,0.0,1.0430471264367818E-4,0.0,8.763940229885057E-6,0.0,0.0,2.0862655172413797E-5,0.0,0.0,0.0,1.330866666666667E-6,0.0,0.0,0.0,0.0,0.0,0.0,0.0,0.0,0.0,-1.4016586206896554E-6,0.0,8.168597701149429E-6,0.0,0.0,0.0,7.370798850574713E-7,4.511080459770119E-8,1.0598710344827585E-5,4.548057471264368E-5,0.0,2.221544252873563E-7,0.0,1.1403528735632182E-6,1.1460701149425282E-6,4.097701149425226E-7,0.0,0.0,0.0,0.0,3.5985057471264365E-7,0.0,4.658491954022988E-7,9.967632183908046E-7,0.0,1.3110379310344825E-5,8.52516091954023E-5,0.0,4.228666666666667E-9,4.215942528735633E-9,0.0,2.9643428735632185E-5,1.0474383908045977E-4,0.0,6.248777011494254E-6,0.006337477011494255,1.2074255172413794E-5,1.2179657471264367E-5,3.098307126436782E-4,0.0,0.0,0.0,0.005977785057471264,0.0060222091954023,0.0,3.9141839080459747E-7,1.103588505747126E-5,
CRVUSDT,0.0,0.0,0.0,0.0,0.0,0.0,0.0,0.0,0.0,0.0,0.0,0.0,0.0,0.0,0.0,0.0,0.0,0.0,0.0,0.0,0.0,0.0,0.0,0.0,0.0,0.0,0.0,0.0,0.0,0.0,0.0,0.0,0.0,0.0,0.0,0.0,0.0,0.0,0.0,0.0,0.0,0.0,0.0,0.0,0.0,0.0,0.0,0.0,0.0,0.0,0.0,0.0,0.0,0.0,0.0,0.0,0.0,0.0,0.0,0.0,0.0,0.0,0.0,0.0,0.0,0.0,0.0,0.0,0.0,0.0,0.0,0.0,0.0,0.0,0.0,0.0,0.0,0.0,0.0,0.0,0.0,0.0,0.0,0.0,0.0,0.0,0.0,0.0,0.0,0.0,0.0,0.0,0.0,0.0,0.0,0.0,0.0,0.0,0.0,0.0,0.0,0.0,0.0,0.0,0.0,0.0,0.0,0.0,0.0,0.0,0.0,0.0,0.0,0.0,0.0,0.0,0.0,0.0,0.0,0.0,0.0,0.0,0.0,0.0,0.0,0.0,0.0,0.0,0.0,0.0,0.0,0.0,0.0,0.0,0.0,0.0,0.0,0.0,0.0,0.0,0.0,0.0,0.0,0.0,0.0,0.0,0.0,0.0,0.0,0.0,0.0,0.0,0.0,0.0,0.0,0.0,0.0,0.0,0.0,0.0,0.0,0.0,0.0,0.0,0.0,0.0,0.0,0.0,0.0,0.0,0.0,0.0,0.0,0.0,0.0,0.0,0.0,
CTKUSDT,0.0,0.0,0.0,0.0,0.0,0.0,0.0,0.0,0.0,0.0,0.0,0.0,0.0,0.0,0.0,0.0,0.0,0.0,0.0,0.0,0.0,0.0,0.0,0.0,0.0,0.0,0.0,0.0,0.0,0.0,0.0,0.0,0.0,0.0,0.0,0.0,0.0,0.0,0.0,0.0,0.0,0.0,0.0,0.0,0.0,0.0,0.0,0.0,0.0,0.0,0.0,0.0,0.0,0.0,0.0,0.0,0.0,0.0,0.0,0.0,0.0,0.0,0.0,0.0,0.0,0.0,0.0,0.0,0.0,0.0,0.0,0.0,0.0,0.0,0.0,0.0,0.0,0.0,0.0,0.0,0.0,0.0,0.0,0.0,0.0,0.0,0.0,0.0,0.0,0.0,0.0,0.0,0.0,0.0,0.0,0.0,0.0,0.0,0.0,0.0,0.0,0.0,0.0,0.0,0.0,0.0,0.0,0.0,0.0,0.0,0.0,0.0,0.0,0.0,0.0,0.0,0.0,0.0,0.0,0.0,0.0,0.0,0.0,0.0,0.0,0.0,0.0,0.0,0.0,0.0,0.0,0.0,0.0,0.0,0.0,0.0,0.0,0.0,0.0,0.0,0.0,0.0,0.0,0.0,0.0,0.0,0.0,0.0,0.0,0.0,0.0,0.0,0.0,0.0,0.0,0.0,0.0,0.0,0.0,0.0,0.0,0.0,0.0,0.0,0.0,0.0,0.0,0.0,0.0,0.0,0.0,0.0,0.0,0.0,0.0,0.0,0.0,
CTSIUSDT,0.003686745712643681,0.0036539275034482735,4.720499540229885E-5,1.253315024942528,1.255552749885058,8.66237356321837E-7,8.227608045977003E-9,9.024678160919527E-9,1.0539770114941954E-6,0.0,0.0,1.719300000000002E-7,0.0,3.935286666666664E-7,0.0,0.0,-2.898436781609252E-8,5.724412643678161E-6,0.0,0.0,0.0,1.0730803448275872E-5,9.604365517241355E-7,0.01810337264367817,4.1396923333333316E-5,0.0,1.3767574712643673E-9,0.0,0.0,0.0,6.455609195402295E-8,2.584878620689655E-7,0.0,8.30006896551726E-7,0.0,5.2351696896551725E-5,4.302334160919539E-4,4.4070731264367775E-4,6.947157724137935E-4,0.058798083793103424,0.05887844954022987,-9.472618390804667E-6,1.2581850574712652E-6,0.0,0.0,0.0,0.0,-5.072264367816078E-8,4.265313218390802E-4,-8.497689655172225E-9,0.0,0.0,4.868056321839078E-7,0.0,0.0,-3.952413793103149E-8,0.0,0.0,-1.366876436781611E-8,4.128954942528736E-5,0.0,3.1652247126436777E-7,1.1890178160919545E-5,2.666561839080456E-7,0.0,0.0,0.0,3.2054075862069E-5,-2.8286108045977015E-7,0.0,0.0,0.0,0.0016487757632183912,0.0017014548517241379,0.0,0.0,5.787651264367839E-5,0.0028233409195402306,0.0032640350574712597,7.939740574712648E-6,0.0,0.0,4.353583793103447E-6,-1.7140301149425278E-7,0.0,-9.663651724137938E-8,4.479402298850606E-8,0.0,3.7020942528735527E-6,6.052462988505747E-5,0.0,0.0,0.0012129957931034483,0.0012220863448275865,2.1020254022988514E-6,0.0,1.9175794252873566E-5,0.0,-7.91800229885059E-6,0.0,8.43247482758621E-5,7.417363218390803E-7,2.9379609195402337E-6,5.914787241379316E-5,0.0,0.0,0.0,1.1264379310344098E-6,9.044440229885041E-7,0.0,0.0,1.370828850574713E-4,0.0,2.0429368160919547E-5,0.0,0.0,2.802261379310343E-5,0.0,0.0,0.0,2.727824252873566E-6,0.0,0.0,0.0,0.0,0.0,0.0,0.0,0.0,0.0,-4.0591289655172396E-6,0.0,1.4314325287356327E-5,0.0,0.0,0.0,1.0129377816091959E-6,2.9511356321838982E-8,4.247066241379312E-5,1.0166925747126437E-4,0.0,4.6484997356321803E-7,0.0,2.352344942528736E-6,2.362225977011495E-6,1.0737390804596959E-6,0.0,0.0,0.0,0.0,8.629436781609123E-7,0.0,9.000963678160917E-7,2.4531314942528723E-6,0.0,1.4920362068965544E-5,9.283561264367829E-5,0.0,6.508308045977003E-9,6.429259770114948E-9,0.0,1.685177494252875E-5,2.7155717701149424E-4,0.0,3.0750438045977016E-5,0.011958686666666675,1.668116241379309E-5,1.7895870919540215E-5,0.0011639595126436786,0.0,0.0,0.0,0.015927568850574714,0.016239809540229886,0.0,3.959001149425281E-7,2.1731688505747145E-5,
