 ,BNBUSDC,BNBUSDT,BNTUSDT,BTCUSDC,BTCUSDT,BTSUSDT,BTTUSDC,BTTUSDT,BUSDUSDT,BZRXUSDT,CELOUSDT,CELRUSDT,CHRUSDT,CHZUSDT,CKBUSDT,COMPUSDT,COSUSDT,COTIUSDT,CRVUSDT,CTKUSDT,CTSIUSDT,CTXCUSDT,CVCUSDT,DASHUSDT,DATAUSDT,DCRUSDT,DENTUSDT,DGBUSDT,DIAUSDT,DNTUSDT,DOCKUSDT,DOGEUSDT,DOTUSDT,DUSKUSDT,EGLDUSDT,ENJUSDT,EOSUSDC,EOSUSDT,ETCUSDT,ETHUSDC,ETHUSDT,EURUSDT,FETUSDT,FILUSDT,FIOUSDT,FIROUSDT,FLMUSDT,FTMUSDT,FTTUSDT,FUNUSDT,GBPUSDT,GRTUSDT,GTOUSDT,GXSUSDT,HARDUSDT,HBARUSDT,HIVEUSDT,HNTUSDT,HOTUSDT,ICXUSDT,INJUSDT,IOSTUSDT,IOTAUSDT,IOTXUSDT,IRISUSDT,JSTUSDT,JUVUSDT,KAVAUSDT,KEYUSDT,KMDUSDT,KNCUSDT,KSMUSDT,LINKUSDC,LINKUSDT,LITUSDT,LRCUSDT,LSKUSDT,LTCUSDC,LTCUSDT,LTOUSDT,LUNAUSDT,MANAUSDT,MATICUSDT,MBLUSDT,MDTUSDT,MFTUSDT,MITHUSDT,MKRUSDT,MTLUSDT,NANOUSDT,NBSUSDT,NEARUSDT,NEOUSDC,NEOUSDT,NKNUSDT,NMRUSDT,NULSUSDT,OCEANUSDT,OGNUSDT,OGUSDT,OMGUSDT,ONEUSDT,ONGUSDT,ONTUSDT,ORNUSDT,OXTUSDT,PAXGUSDT,PAXUSDT,PERLUSDT,PNTUSDT,PSGUSDT,QTUMUSDT,REEFUSDT,RENUSDT,REPUSDT,RIFUSDT,RLCUSDT,ROSEUSDT,RSRUSDT,RUNEUSDT,RVNUSDT,SANDUSDT,SCUSDT,SFPUSDT,SKLUSDT,SNXUSDT,SOLUSDT,SRMUSDT,STMXUSDT,STORJUSDT,STPTUSDT,STRAXUSDT,STXUSDT,SUSDUSDT,SUSHIUSDT,SXPUSDT,TCTUSDT,TFUELUSDT,THETAUSDT,TOMOUSDT,TRBUSDT,TROYUSDT,TRUUSDT,TRXUSDC,TRXUSDT,TUSDUSDT,TWTUSDT,UMAUSDT,UNFIUSDT,UNIUSDT,USDCUSDT,UTKUSDT,VETUSDT,VITEUSDT,VTHOUSDT,WANUSDT,WAVESUSDT,WINGUSDT,WINUSDC,WINUSDT,WNXMUSDT,WRXUSDT,WTCUSDT,XEMUSDT,XLMUSDT,XMRUSDT,XRPUSDC,XRPUSDT,XTZUSDT,XVSUSDT,YFIIUSDT,YFIUSDT,ZECUSDC,ZECUSDT,ZENUSDT,ZILUSDT,ZRXUSDT,
BNBUSDC,0.0,1.1063194518965516,0.010030370172413795,791.0288223793103,790.4785468448274,0.001263934551724138,2.0978040000000004E-5,2.092425534482759E-5,1.4596534482758051E-4,0.0,0.0,1.5519377586206896E-4,8.815729482758621E-4,6.699218758620688E-4,0.0,0.0,8.408093103448281E-5,0.0016045336206896555,0.0,0.0,0.016199061758620688,0.0024845863793103453,0.0010048151551724136,3.0810045862068978,0.013247672448275863,0.0,8.051632068965518E-6,0.0,0.0,0.0,2.811918327586207E-4,2.1349899568965514E-4,0.0,0.0017082218965517244,0.0,0.02028371506896552,0.133203505862069,0.1330793474137931,0.6433131937931033,19.814031982758628,19.799994948275863,0.004193347931034495,0.0020257732586206898,0.0,0.0,0.0,0.0,5.383937586206898E-4,0.2262933120689655,1.6040496896551723E-4,0.0,0.0,2.4036551724137932E-4,0.0,0.0,0.002559672982758621,0.1539064524137931,0.0,4.209476896551724E-5,0.021749149310344825,0.0,2.397898344827587E-4,0.009819272586206901,9.856161379310344E-5,0.0,0.0,0.0,0.027416668448275852,1.1229883965517245E-4,0.0,0.0,0.0,0.19391240000000007,0.19433184672413797,0.0,0.0,0.09757157500000001,2.1097465689655177,2.1235837758620693,0.0023444464827586213,0.0,0.0,0.0017562061724137933,2.7679932758620678E-5,0.0,2.2187993103448275E-5,1.353702413793104E-4,0.0,0.017317541206896547,0.034473669655172415,0.0,0.0,0.7111065017241378,0.7166947948275862,6.102213965517241E-4,0.0,0.010834968620689655,0.0,-0.002716273965517241,0.0,0.06736864637931035,1.1771379310344837E-4,0.004592395,0.03602640189655173,0.0,0.0,0.0,8.699879310343897E-5,6.580928793103447E-4,0.0,0.0,0.09201297068965517,0.0,0.006392435275862069,0.0,0.0,0.008143139137931037,0.0,0.0,0.0,0.0017141020000000003,0.0,0.0,0.0,0.0,0.0,0.0,0.0,0.0,0.0,-1.8462644827586203E-4,0.0,0.006162501206896553,0.0,0.0,0.0,1.7772999310344833E-4,1.3451921551724144E-4,0.022258402931034475,0.03487292120689655,0.0,1.3155386017241378E-4,0.0,0.0013091417413793104,0.0013086450000000002,9.531948275861145E-5,0.0,0.0,0.0,0.0,7.059879310342808E-5,0.0,3.199251879310344E-4,6.522113793103452E-4,0.0,0.01300620275862069,0.031152058965517235,0.0,1.2213365517241371E-6,1.2980377586206893E-6,0.0,0.00442369353448276,0.022479304655172408,0.0,0.009263656931034482,3.5494352931034485,0.01189052843103448,0.011911915948275863,0.3302183503448276,0.0,0.0,0.0,3.18017325862069,3.2112849827586207,0.0,8.12820172413793E-4,0.018831560689655167,
BNBUSDT,1.1063194518965516,0.0,0.01002638851724138,790.4162527609196,789.8830996816093,0.001261463657471265,2.094363186206897E-5,2.0888541137931035E-5,1.483402643678104E-4,0.0,0.0,1.5488328850574713E-4,8.796805528735626E-4,6.708433248275864E-4,0.0,0.0,8.338932643678167E-5,0.0016018918252873567,0.0,0.0,0.016121282639080456,0.0024832595287356328,0.0010033425781609197,3.075981144827588,0.01325276626436782,0.0,8.057858988505748E-6,0.0,0.0,0.0,2.802949194252875E-4,2.1306170897701147E-4,0.0,0.0017039061954022994,0.0,0.020277846349425286,0.13291905924137934,0.1327927562643678,0.6420654982528736,19.810999279310344,19.7992494908046,0.004236292666666678,0.0020152381850574714,0.0,0.0,0.0,0.0,5.354953264367817E-4,0.22621407597701154,1.6039205908045977E-4,0.0,0.0,2.381353816091953E-4,0.0,0.0,0.002562396201149426,0.1527920594942529,0.0,4.197619774712644E-5,0.021634656413793103,0.0,2.3895323402298854E-4,0.009770833045977013,9.824969287356323E-5,0.0,0.0,0.0,0.027317088126436778,1.1238672080459775E-4,0.0,0.0,0.0,0.19397427908045978,0.19440541460919541,0.0,0.0,0.0971738541494253,2.0986012816091963,2.1128184954022995,0.002345331524137932,0.0,0.0,0.001751142671264368,2.7314699425287357E-5,0.0,2.2032637931034486E-5,1.3489581839080464E-4,0.0,0.017395238655172406,0.034431886597701154,0.0,0.0,0.7095363362068965,0.7151767527586207,6.137589275862066E-4,0.0,0.010818340321839082,0.0,-0.002798635505747127,0.0,0.06716033582758621,1.1754503218390807E-4,0.004589205114942528,0.035881515298850586,0.0,0.0,0.0,9.021603448274953E-5,6.548306264367818E-4,0.0,0.0,0.09163392379310346,0.0,0.006394396783908048,0.0,0.0,0.007931843827586212,0.0,0.0,0.0,0.001710542147126437,0.0,0.0,0.0,0.0,0.0,0.0,0.0,0.0,0.0,-1.855436942528735E-4,0.0,0.006135373551724138,0.0,0.0,0.0,1.7779731379310345E-4,1.344026093103449E-4,0.022266026301149423,0.03490488424137932,0.0,1.3238372168965516E-4,0.0,0.0013043768839080467,0.0013039886689655178,9.961612643677253E-5,0.0,0.0,0.0,0.0,7.443465517239358E-5,0.0,3.18971461724138E-4,6.500185494252876E-4,0.0,0.012964494482758621,0.03097603367816092,0.0,1.227079632183907E-6,1.3049343333333324E-6,0.0,0.004404634886206898,0.022551421620689648,0.0,0.009241477487356322,3.540729322988507,0.011831186867816094,0.011854051897701154,0.32973154448275865,0.0,0.0,0.0,3.1899494747126442,3.221519789655172,0.0,8.122858528735636E-4,0.018790093747126434,
BNTUSDT,0.010030370172413795,0.01002638851724138,0.0,7.476972324137932,7.476908279310343,1.2326289655172413E-5,1.9435875862068965E-7,1.9569665517241372E-7,1.8472758620688644E-6,0.0,0.0,1.9643E-6,7.253265517241371E-6,4.981059310344828E-6,0.0,0.0,1.2909931034482766E-6,2.074467586206897E-5,0.0,0.0,2.2680421379310344E-4,2.19666551724138E-5,1.2179072413793098E-5,0.046151420689655186,1.1830655172413794E-4,0.0,6.789013793103449E-8,0.0,0.0,0.0,3.058687241379311E-6,2.0181629999999996E-6,0.0,1.8044586206896554E-5,0.0,2.4321975172413794E-4,0.0015837668275862067,0.0015968305172413789,0.006048158827586205,0.21180414137931042,0.2116161,2.436634482758639E-5,2.4124058620689654E-5,0.0,0.0,0.0,0.0,5.663958620689656E-6,0.0021745024137931022,1.6664096551724132E-6,0.0,0.0,1.9888758620689655E-6,0.0,0.0,2.184908620689655E-5,0.0012734152413793104,0.0,2.6516234482758624E-7,2.698553793103448E-4,0.0,2.7837558620689655E-6,1.1182810344827588E-4,1.030202068965517E-6,0.0,0.0,0.0,3.551244482758621E-4,9.011196551724137E-7,0.0,0.0,0.0,0.002178882068965517,0.002209756448275862,0.0,0.0,9.032526551724139E-4,0.02568643103448277,0.02590871379310345,2.675335172413794E-5,0.0,0.0,1.9093648275862077E-5,4.2077758620689666E-7,0.0,2.5601724137931034E-7,1.3796344827586214E-6,0.0,2.2967175862068963E-4,3.57052E-4,0.0,0.0,0.007585450000000002,0.00765141827586207,6.33720344827586E-6,0.0,1.224102068965517E-4,0.0,3.075920689655174E-5,0.0,7.133051379310347E-4,1.984400000000001E-6,5.20591379310345E-5,4.4274679310344836E-4,0.0,0.0,0.0,1.137068965517094E-6,9.855362068965517E-6,0.0,0.0,0.0010281996551724138,0.0,6.848949655172415E-5,0.0,0.0,1.6121486206896557E-4,0.0,0.0,0.0,1.767671034482759E-5,0.0,0.0,0.0,0.0,0.0,0.0,0.0,0.0,0.0,-7.623034482758606E-7,0.0,9.007700000000003E-5,0.0,0.0,0.0,2.152524137931035E-6,1.3628644827586212E-6,2.1540335862068965E-4,3.487701034482758E-4,0.0,1.056136862068966E-6,0.0,1.3411079310344827E-5,1.3424910344827587E-5,1.2696896551722644E-6,0.0,0.0,0.0,0.0,1.0112068965515806E-6,0.0,3.540123793103449E-6,7.73784827586207E-6,0.0,1.5667931034482764E-4,3.3777965517241374E-4,0.0,1.7197103448275844E-8,1.8587896551724116E-8,0.0,6.073047241379314E-5,2.453933448275862E-4,0.0,1.0145061379310343E-4,0.04273002413793104,1.192593965517241E-4,1.2034298965517242E-4,0.004014596551724139,0.0,0.0,0.0,0.03804096896551723,0.038717893103448274,0.0,6.746944827586208E-6,1.8927868965517235E-4,
BTCUSDC,791.0288223793103,790.4162527609196,7.476972324137932,0.0,859934.3958271265,1.3542887016091956,0.023641260475862073,0.023492115675862065,0.1409346160919524,0.0,0.0,0.15434666574712647,1.8706202025287355,0.8542336249655172,0.0,0.0,0.08576132505747126,0.897373105287357,0.0,0.0,13.554031785287355,1.3999002735632187,1.009415585747126,1962.6045324137935,13.727001574712647,0.0,0.009936238981609198,0.0,0.0,0.0,0.27333401032183907,0.21595125568045978,0.0,1.4624324229885062,0.0,17.497627523908047,105.85333112413795,105.9306120574713,664.8685925011494,16751.47057655173,16742.12288321839,3.3726935218390786,1.7604510726436782,0.0,0.0,0.0,0.0,0.49789581126436794,206.2152968045977,0.1571797123908046,0.0,0.0,0.17321298781609193,0.0,0.0,2.793760156321839,156.00226271494253,0.0,0.057786651940229875,18.462405696551727,0.0,0.21863316657471268,10.38527166666667,0.08897530259770116,0.0,0.0,0.0,14.197906222988497,0.13990769128735636,0.0,0.0,0.0,131.75412570114943,133.05326903678161,0.0,0.0,88.44578571494255,2102.318750574713,2103.2519864367814,1.3727836186206896,0.0,0.0,1.7275384940229888,0.039774435977011496,0.0,0.024830014827586205,0.1059150659770115,0.0,13.350878420689646,31.359712756321844,0.0,0.0,717.4924372413793,726.9696736551725,0.349249813103448,0.0,10.073216225287357,0.0,-7.256606422988505,0.0,63.606444510344836,0.10036639494252876,4.035869459770115,32.55542831264368,0.0,0.0,0.0,0.10113465517240569,0.5303557298850573,0.0,0.0,85.52104372413794,0.0,5.0766780935632205,0.0,0.0,6.830132351724137,0.0,0.0,0.0,1.7684622271264374,0.0,0.0,0.0,0.0,0.0,0.0,0.0,0.0,0.0,-0.06881476528735635,0.0,5.059622331034483,0.0,0.0,0.0,0.10277450137931032,0.14612258772413797,25.013972641839082,28.594872951724142,0.0,0.11181938502758622,0.0,1.2742034894252872,1.2746264475862072,0.0993011678160908,0.0,0.0,0.0,0.0,0.06084086206895218,0.0,0.2794195347586208,0.5788169639080462,0.0,10.570982620689657,26.005331954023,0.0,4.610054321839075E-4,5.334280505747117E-4,0.0,2.4233654220689678,14.368059910344826,0.0,8.877633213563216,2909.1922760919547,12.002473991954025,12.067275388735634,268.50628058620697,0.0,0.0,0.0,2127.5463340229876,2163.5658234482758,0.0,0.9649014556321839,22.208147795402294,
BTCUSDT,790.4785468448274,789.8830996816093,7.476908279310343,859934.3958271265,0.0,1.355166261609195,0.02364849917931034,0.023499369996551712,0.1422894816091937,0.0,0.0,0.15440631643678165,1.8659901601149425,0.8540065539999999,0.0,0.0,0.08593942781609192,0.8971543866666671,0.0,0.0,13.55142527563218,1.4001755597701144,1.010047368850574,1960.074043448277,13.734985481609195,0.0,0.009932519478160918,0.0,0.0,0.0,0.2735792324942528,0.21585805615287346,0.0,1.4625943988505745,0.0,17.48900867149425,105.88197477241384,105.96850355747125,664.8217770390802,16744.827221724132,16735.635248390805,3.3742129149425257,1.7602464474712645,0.0,0.0,0.0,0.0,0.4978736898850574,206.22831359770112,0.15718081783908042,0.0,0.0,0.17335179609195392,0.0,0.0,2.7947439718390794,155.93796313563215,0.0,0.05777100751954022,18.457320234482758,0.0,0.2187339838850575,10.386666442528735,0.08890209694252872,0.0,0.0,0.0,14.203077185057465,0.13991944290804598,0.0,0.0,0.0,131.4733868735632,132.7849670609195,0.0,0.0,88.43046091149424,2103.2664281609195,2104.204047471264,1.3739616537931032,0.0,0.0,1.727329548505747,0.039837823735632175,0.0,0.024857098620689636,0.10594889149425285,0.0,13.348003355172402,31.36765526666666,0.0,0.0,717.435599827586,726.907745137931,0.3495940886206893,0.0,10.07863272873563,0.0,-7.235726605747126,0.0,63.62655164482758,0.10044513149425292,4.036637166666666,32.56460192298851,0.0,0.0,0.0,0.10262246551723321,0.5312011971264365,0.0,0.0,85.53553920689654,0.0,5.073828077701148,0.0,0.0,6.850491286206893,0.0,0.0,0.0,1.7678434981609192,0.0,0.0,0.0,0.0,0.0,0.0,0.0,0.0,0.0,-0.06755615425287358,0.0,5.0626171689655175,0.0,0.0,0.0,0.10288820655172408,0.14617817796551724,25.009978115632176,28.5776855137931,0.0,0.11164479726551722,0.0,1.2741706008045974,1.2746147937931034,0.10077272298850458,0.0,0.0,0.0,0.0,0.06239677586205555,0.0,0.27939308162068965,0.5786298142528736,0.0,10.572013241379306,25.986390678160923,0.0,4.631551080459763E-4,5.351323229885049E-4,0.0,2.429327314137931,14.35461296896551,0.0,8.875143416321839,2908.078126781609,12.003742155747126,12.068990215287354,268.3985946206896,0.0,0.0,0.0,2124.2508826436774,2160.39043,0.0,0.9650335845977012,22.18686069885057,
BTSUSDT,0.001263934551724138,0.001261463657471265,1.2326289655172413E-5,1.3542887016091956,1.355166261609195,0.0,4.003806206896552E-8,3.9832158620689656E-8,2.757540229885044E-7,0.0,0.0,2.584622988505748E-7,1.8109783908045977E-6,1.2886377241379314E-6,0.0,0.0,2.154216091954023E-7,1.5456501149425293E-6,0.0,0.0,1.999492666666667E-5,2.633756321839081E-6,1.8944685057471263E-6,0.0034589979310344836,2.270097471264368E-5,0.0,1.5390843678160926E-8,0.0,0.0,0.0,5.212251494252876E-7,3.4202340459770107E-7,0.0,2.6073540229885066E-6,0.0,2.642237563218391E-5,1.926134E-4,1.9228833333333336E-4,0.001117187156321839,0.02653726620689656,0.026525355632183913,6.3255908045976945E-6,3.047465747126437E-6,0.0,0.0,0.0,0.0,9.080698850574716E-7,3.4149714942528737E-4,2.56664459770115E-7,0.0,0.0,3.1019816091954014E-7,0.0,0.0,5.068466666666668E-6,2.552414045977012E-4,0.0,9.062769885057474E-8,3.1188248275862075E-5,0.0,3.885927816091955E-7,1.845101149425288E-5,1.4680225287356324E-7,0.0,0.0,0.0,2.9662188505747133E-5,2.426123218390806E-7,0.0,0.0,0.0,1.8949225287356324E-4,1.9028731264367815E-4,0.0,0.0,1.502174735632184E-4,0.0038619919540229895,0.0038649071264367824,2.6189324137931034E-6,0.0,0.0,2.7670767816091955E-6,8.119735632183909E-8,0.0,4.81148275862069E-8,2.148659770114943E-7,0.0,2.0119834482758615E-5,5.36294459770115E-5,0.0,0.0,0.0011547786206896552,0.0011677908965517243,5.97751034482758E-7,0.0,1.7600259770114945E-5,0.0,-5.0315954022988505E-6,0.0,1.0928399310344833E-4,1.6232942528735638E-7,7.382632183908048E-6,5.669224367816094E-5,0.0,0.0,0.0,2.1358620689653757E-7,1.0592264367816095E-6,0.0,0.0,1.5063062068965523E-4,0.0,7.780555632183909E-6,0.0,0.0,1.796745517241379E-5,0.0,0.0,0.0,2.878275402298851E-6,0.0,0.0,0.0,0.0,0.0,0.0,0.0,0.0,0.0,9.417954022988505E-8,0.0,9.523262068965521E-6,0.0,0.0,0.0,1.93953448275862E-7,2.4920737931034495E-7,3.833342804597702E-5,4.205771034482759E-5,0.0,1.6172868275862072E-7,0.0,2.12876183908046E-6,2.130509655172415E-6,1.9606436781609124E-7,0.0,0.0,0.0,0.0,1.403103448275675E-7,0.0,4.555964827586209E-7,9.790535632183912E-7,0.0,1.8377413793103454E-5,4.8415471264367824E-5,0.0,1.0861563218390792E-9,1.195395402298849E-9,0.0,5.587028965517243E-6,2.1609875862068957E-5,0.0,1.422817908045977E-5,0.004748927816091953,2.1163929885057478E-5,2.1219064597701155E-5,4.144815517241381E-4,0.0,0.0,0.0,0.003132830574712643,0.003200206206896552,0.0,1.5602383908045981E-6,3.242041609195403E-5,
BTTUSDC,2.0978040000000004E-5,2.094363186206897E-5,1.9435875862068965E-7,0.023641260475862073,0.02364849917931034,4.003806206896552E-8,0.0,7.233098620689654E-10,3.8686896551723696E-9,0.0,0.0,4.4603931034482756E-9,3.670366896551722E-8,2.4111177241379313E-8,0.0,0.0,2.942055172413793E-9,2.2911524137931044E-8,0.0,0.0,3.4924784137931034E-7,4.0678482758620684E-8,3.0522765517241367E-8,5.094791034482761E-5,3.746958965517242E-7,0.0,2.9430544827586204E-10,0.0,0.0,0.0,8.227095172413795E-9,5.923525310344828E-9,0.0,4.458744827586207E-8,0.0,4.628908482758621E-7,2.9679240000000007E-6,2.9646641379310345E-6,1.9836998689655172E-5,4.4738576551724146E-4,4.4720488965517254E-4,1.0443682758620676E-7,4.970980689655173E-8,0.0,0.0,0.0,0.0,1.4469917241379311E-8,5.752691034482759E-6,4.470571034482759E-9,0.0,0.0,5.107268965517241E-9,0.0,0.0,8.760117241379312E-8,4.285373241379312E-6,0.0,1.8448133103448276E-9,5.056276551724138E-7,0.0,6.409256551724139E-9,3.113144827586207E-7,2.4139041379310347E-9,0.0,0.0,0.0,4.1325510344827584E-7,4.6527186206896566E-9,0.0,0.0,0.0,3.2069931034482757E-6,3.219605310344828E-6,0.0,0.0,2.478396344827586E-6,6.310686206896552E-5,6.29704275862069E-5,3.759380689655173E-8,0.0,0.0,4.917802068965518E-8,1.3378137931034482E-9,0.0,7.905965517241377E-10,3.3492689655172404E-9,0.0,3.354797241379309E-7,9.073115862068966E-7,0.0,0.0,1.986202413793103E-5,2.0067622758620696E-5,1.0217096551724136E-8,0.0,2.8688972413793095E-7,0.0,-1.5010779310344824E-7,0.0,1.7828382068965518E-6,2.5214896551724138E-9,1.238296551724138E-7,9.18137724137931E-7,0.0,0.0,0.0,3.15172413793078E-9,1.641375862068966E-8,0.0,0.0,2.4770096551724137E-6,0.0,1.2874692413793103E-7,0.0,0.0,2.2577317241379326E-7,0.0,0.0,0.0,5.158004137931035E-8,0.0,0.0,0.0,0.0,0.0,0.0,0.0,0.0,0.0,7.408413793103432E-10,0.0,1.5016917241379313E-7,0.0,0.0,0.0,3.062351724137932E-9,4.338732413793104E-9,7.115908896551726E-7,7.409667586206897E-7,0.0,2.8431785517241385E-9,0.0,3.644550344827587E-8,3.645557931034484E-8,2.769724137931066E-9,0.0,0.0,0.0,0.0,1.6803448275859026E-9,0.0,7.577075172413796E-9,1.6668765517241384E-8,0.0,2.988641379310344E-7,7.489120689655178E-7,0.0,1.556627586206897E-11,1.6879586206896542E-11,0.0,7.115994482758625E-8,3.7158806896551723E-7,0.0,2.463012275862069E-7,7.58617379310345E-5,3.497316896551724E-7,3.5099773793103453E-7,7.095377931034486E-6,0.0,0.0,0.0,5.142359310344828E-5,5.2449062068965546E-5,0.0,2.8752027586206896E-8,5.637932413793103E-7,
BTTUSDT,2.092425534482759E-5,2.0888541137931035E-5,1.9569665517241372E-7,0.023492115675862065,0.023499369996551712,3.9832158620689656E-8,7.233098620689654E-10,0.0,3.855482758620645E-9,0.0,0.0,4.457803448275862E-9,3.57382172413793E-8,2.394051655172414E-8,0.0,0.0,2.9371448275862054E-9,2.3152496551724142E-8,0.0,0.0,3.5092688965517233E-7,4.049575862068965E-8,3.0413168965517216E-8,5.132351034482759E-5,3.731235862068965E-7,0.0,2.9136399999999995E-10,0.0,0.0,0.0,8.199574827586206E-9,5.885117689655171E-9,0.0,4.4488172413793094E-8,0.0,4.631327310344827E-7,2.9655911034482757E-6,2.9635687931034478E-6,1.9735499103448274E-5,4.4627306551724144E-4,4.4607993448275864E-4,1.0355951724137915E-7,4.971887241379309E-8,0.0,0.0,0.0,0.0,1.4414524137931035E-8,5.730594137931035E-6,4.448655862068965E-9,0.0,0.0,5.073399999999999E-9,0.0,0.0,8.706922413793102E-8,4.2573009655172406E-6,0.0,1.8340176551724136E-9,5.056970344827585E-7,0.0,6.400730344827587E-9,3.106270689655172E-7,2.3978703448275865E-9,0.0,0.0,0.0,4.169710689655171E-7,4.618294137931034E-9,0.0,0.0,0.0,3.2106999999999996E-6,3.2255787241379313E-6,0.0,0.0,2.464756655172413E-6,6.296608620689654E-5,6.283856206896549E-5,3.7755131034482746E-8,0.0,0.0,4.9005041379310344E-8,1.3333431034482757E-9,0.0,7.870275862068961E-10,3.3482965517241375E-9,0.0,3.360527241379306E-7,9.048766206896551E-7,0.0,0.0,1.977054310344827E-5,1.9983467931034484E-5,1.0273003448275854E-8,0.0,2.8644013793103446E-7,0.0,-1.4646817241379314E-7,0.0,1.7775896896551725E-6,2.532427586206896E-9,1.2326499999999999E-7,9.170435517241378E-7,0.0,0.0,0.0,3.1343103448273292E-9,1.6478396551724136E-8,0.0,0.0,2.4695072413793095E-6,0.0,1.2849019310344829E-7,0.0,0.0,2.288203103448274E-7,0.0,0.0,0.0,5.14297724137931E-8,0.0,0.0,0.0,0.0,0.0,0.0,0.0,0.0,0.0,7.665448275862045E-10,0.0,1.5069265517241377E-7,0.0,0.0,0.0,3.070075862068965E-9,4.317714827586208E-9,7.076698827586205E-7,7.38371620689655E-7,0.0,2.8248465862068964E-9,0.0,3.6314127586206893E-8,3.6324468965517245E-8,2.7706551724138216E-9,0.0,0.0,0.0,0.0,1.6649999999996928E-9,0.0,7.567914137931033E-9,1.6663462068965522E-8,0.0,2.990275862068965E-7,7.477348275862069E-7,0.0,1.5904965517241367E-11,1.724934482758619E-11,0.0,7.17136310344827E-8,3.720487241379309E-7,0.0,2.454954896551724E-7,7.571287241379307E-5,3.4816146551724123E-7,3.4945904482758616E-7,7.105795862068965E-6,0.0,0.0,0.0,5.136513448275861E-5,5.242752068965517E-5,0.0,2.8654848275862073E-8,5.578951034482758E-7,
BUSDUSDT,1.4596534482758051E-4,1.483402643678104E-4,1.8472758620688644E-6,0.1409346160919524,0.1422894816091937,2.757540229885044E-7,3.8686896551723696E-9,3.855482758620645E-9,0.0,0.0,0.0,3.4543678160918556E-8,-2.1729540229882972E-7,7.73434482758628E-8,0.0,0.0,2.0022988505749E-9,2.441425287356181E-7,0.0,0.0,3.920273563218162E-6,3.7283908045974745E-7,1.9813678160919046E-7,4.2257241379306846E-4,3.3183678160919408E-6,0.0,5.968505747126321E-10,0.0,0.0,0.0,5.26387356321842E-8,3.388739080459705E-8,0.0,2.7260919540228876E-7,0.0,3.894266666666526E-6,2.2054275862067817E-5,2.284040229884938E-5,1.106369425287336E-4,0.0031047689655171492,0.0031284494252872648,8.019080459769989E-7,3.8681954022986917E-7,0.0,0.0,0.0,0.0,9.996781609195144E-8,4.067390804597618E-5,2.7309425287355437E-8,0.0,0.0,3.568505747126327E-8,0.0,0.0,5.430977011494244E-7,2.4846183908045526E-5,0.0,5.453126436781756E-9,3.321655172413609E-6,0.0,4.2987126436779706E-8,1.6644252873562737E-6,1.0200459770113962E-8,0.0,0.0,0.0,3.4346091954020286E-6,2.036701149425283E-8,0.0,0.0,0.0,1.8483218390803335E-5,1.9396126436780254E-5,0.0,0.0,1.7668080459769653E-5,3.3997126436780353E-4,3.509229885057343E-4,3.8071034482758243E-7,0.0,0.0,2.927954022988396E-7,4.2614942528733835E-9,0.0,4.406896551724077E-9,8.845977011493289E-9,0.0,2.6545862068964985E-6,5.5271494252872475E-6,0.0,0.0,1.1288103448275566E-4,1.14654827586204E-4,1.2592068965516682E-7,0.0,2.14728735632178E-6,0.0,-1.3677816091954577E-6,0.0,1.335127586206872E-5,2.3349425287354924E-8,7.754597701149119E-7,6.685781609195163E-6,0.0,0.0,0.0,1.6982758620689056E-7,1.2066091954022345E-7,0.0,0.0,1.4036896551723584E-5,0.0,1.0616735632183527E-6,0.0,0.0,1.5414827586205564E-6,0.0,0.0,0.0,2.68119540229877E-7,0.0,0.0,0.0,0.0,0.0,0.0,0.0,0.0,0.0,-2.3714942528733575E-8,0.0,1.2644482758619926E-6,0.0,0.0,0.0,4.963103448275585E-8,2.6179655172413506E-8,4.1510873563218025E-6,5.344103448275634E-6,0.0,1.719748275862025E-8,0.0,2.2273218390804024E-7,2.250068965517184E-7,1.8378160919539738E-7,0.0,0.0,0.0,0.0,1.8637931034482207E-7,0.0,5.3812758620687614E-8,9.069425287355898E-8,0.0,2.2110344827585206E-6,3.670919540229698E-6,0.0,3.117701149425067E-10,2.956436781608983E-10,0.0,2.7107241379306956E-7,3.0558965517239727E-6,0.0,1.7484735632183323E-6,5.679229885057161E-4,2.0174885057471037E-6,2.0568080459769816E-6,5.7973793103445706E-5,0.0,0.0,0.0,4.086540229884914E-4,4.2174827586205445E-4,0.0,1.6605287356322034E-7,1.7597471264367593E-6,
BZRXUSDT,0.0,0.0,0.0,0.0,0.0,0.0,0.0,0.0,0.0,0.0,0.0,0.0,0.0,0.0,0.0,0.0,0.0,0.0,0.0,0.0,0.0,0.0,0.0,0.0,0.0,0.0,0.0,0.0,0.0,0.0,0.0,0.0,0.0,0.0,0.0,0.0,0.0,0.0,0.0,0.0,0.0,0.0,0.0,0.0,0.0,0.0,0.0,0.0,0.0,0.0,0.0,0.0,0.0,0.0,0.0,0.0,0.0,0.0,0.0,0.0,0.0,0.0,0.0,0.0,0.0,0.0,0.0,0.0,0.0,0.0,0.0,0.0,0.0,0.0,0.0,0.0,0.0,0.0,0.0,0.0,0.0,0.0,0.0,0.0,0.0,0.0,0.0,0.0,0.0,0.0,0.0,0.0,0.0,0.0,0.0,0.0,0.0,0.0,0.0,0.0,0.0,0.0,0.0,0.0,0.0,0.0,0.0,0.0,0.0,0.0,0.0,0.0,0.0,0.0,0.0,0.0,0.0,0.0,0.0,0.0,0.0,0.0,0.0,0.0,0.0,0.0,0.0,0.0,0.0,0.0,0.0,0.0,0.0,0.0,0.0,0.0,0.0,0.0,0.0,0.0,0.0,0.0,0.0,0.0,0.0,0.0,0.0,0.0,0.0,0.0,0.0,0.0,0.0,0.0,0.0,0.0,0.0,0.0,0.0,0.0,0.0,0.0,0.0,0.0,0.0,0.0,0.0,0.0,0.0,0.0,0.0,0.0,0.0,0.0,0.0,0.0,0.0,
CELOUSDT,0.0,0.0,0.0,0.0,0.0,0.0,0.0,0.0,0.0,0.0,0.0,0.0,0.0,0.0,0.0,0.0,0.0,0.0,0.0,0.0,0.0,0.0,0.0,0.0,0.0,0.0,0.0,0.0,0.0,0.0,0.0,0.0,0.0,0.0,0.0,0.0,0.0,0.0,0.0,0.0,0.0,0.0,0.0,0.0,0.0,0.0,0.0,0.0,0.0,0.0,0.0,0.0,0.0,0.0,0.0,0.0,0.0,0.0,0.0,0.0,0.0,0.0,0.0,0.0,0.0,0.0,0.0,0.0,0.0,0.0,0.0,0.0,0.0,0.0,0.0,0.0,0.0,0.0,0.0,0.0,0.0,0.0,0.0,0.0,0.0,0.0,0.0,0.0,0.0,0.0,0.0,0.0,0.0,0.0,0.0,0.0,0.0,0.0,0.0,0.0,0.0,0.0,0.0,0.0,0.0,0.0,0.0,0.0,0.0,0.0,0.0,0.0,0.0,0.0,0.0,0.0,0.0,0.0,0.0,0.0,0.0,0.0,0.0,0.0,0.0,0.0,0.0,0.0,0.0,0.0,0.0,0.0,0.0,0.0,0.0,0.0,0.0,0.0,0.0,0.0,0.0,0.0,0.0,0.0,0.0,0.0,0.0,0.0,0.0,0.0,0.0,0.0,0.0,0.0,0.0,0.0,0.0,0.0,0.0,0.0,0.0,0.0,0.0,0.0,0.0,0.0,0.0,0.0,0.0,0.0,0.0,0.0,0.0,0.0,0.0,0.0,0.0,
CELRUSDT,1.5519377586206896E-4,1.5488328850574713E-4,1.9643E-6,0.15434666574712647,0.15440631643678165,2.584622988505748E-7,4.4603931034482756E-9,4.457803448275862E-9,3.4543678160918556E-8,0.0,0.0,0.0,1.5320701149425285E-7,1.4634110344827586E-7,0.0,0.0,2.4049885057471265E-8,2.7719977011494267E-7,0.0,0.0,3.511232873563218E-6,3.071597701149426E-7,2.1927505747126428E-7,6.047765517241381E-4,2.4621781609195405E-6,0.0,1.6859333333333333E-9,0.0,0.0,0.0,5.5286425287356334E-8,4.2060001149425285E-8,0.0,3.323436781609196E-7,0.0,4.1096901149425284E-6,2.3887924137931036E-5,2.4026419540229875E-5,1.2858775632183908E-4,0.0034964520689655175,0.003491897356321839,3.7037011494252997E-7,4.293978160919539E-7,0.0,0.0,0.0,0.0,1.090154022988506E-7,3.972656321839081E-5,3.286659770114942E-8,0.0,0.0,3.685540229885056E-8,0.0,0.0,4.945683908045977E-7,2.849457011494253E-5,0.0,9.49842988505747E-9,4.608744827586208E-6,0.0,4.822685057471265E-8,2.261752873563218E-6,2.0430321839080457E-8,0.0,0.0,0.0,4.844571264367816E-6,2.4217942528735638E-8,0.0,0.0,0.0,2.95372183908046E-5,2.9835874712643678E-5,0.0,0.0,1.7124863218390804E-5,4.524350574712644E-4,4.5227367816091956E-4,3.60328275862069E-7,0.0,0.0,3.670016091954023E-7,1.0239597701149422E-8,0.0,5.2534482758620655E-9,2.5754252873563218E-8,0.0,3.213037931034481E-6,6.417832183908046E-6,0.0,0.0,1.4452775862068963E-4,1.4650562068965523E-4,9.13789655172413E-8,0.0,2.1803770114942535E-6,0.0,-5.335850574712644E-7,0.0,1.304165172413793E-5,2.796873563218392E-8,8.980632183908048E-7,7.65846091954023E-6,0.0,0.0,0.0,2.0465517241376737E-8,1.539074712643678E-7,0.0,0.0,1.8472724137931034E-5,0.0,1.1375301149425288E-6,0.0,0.0,2.304175862068966E-6,0.0,0.0,0.0,3.757043678160919E-7,0.0,0.0,0.0,0.0,0.0,0.0,0.0,0.0,0.0,-6.252183908045982E-9,0.0,1.4484241379310347E-6,0.0,0.0,0.0,3.1799310344827575E-8,2.8878517241379318E-8,4.741992183908047E-6,5.775458620689654E-6,0.0,2.180827241379311E-8,0.0,2.5457459770114945E-7,2.546600000000001E-7,2.3854022988504523E-8,0.0,0.0,0.0,0.0,1.6534482758618678E-8,0.0,6.206341379310347E-8,1.3325494252873569E-7,0.0,2.5930344827586204E-6,5.84471264367816E-6,0.0,1.8989425287356309E-10,2.0670919540229868E-10,0.0,7.909368965517244E-7,3.503127586206896E-6,0.0,1.8313280459770113E-6,6.414840229885057E-4,2.289207471264368E-6,2.306548390804598E-6,6.411031034482758E-5,0.0,0.0,0.0,4.978095402298849E-4,5.072927586206896E-4,0.0,1.8302321839080462E-7,3.799064367816091E-6,
CHRUSDT,8.815729482758621E-4,8.796805528735626E-4,7.253265517241371E-6,1.8706202025287355,1.8659901601149425,1.8109783908045977E-6,3.670366896551722E-8,3.57382172413793E-8,-2.1729540229882972E-7,0.0,0.0,1.5320701149425285E-7,0.0,2.224169724137931E-6,0.0,0.0,2.2004597701148243E-9,-1.1838473563218383E-6,0.0,0.0,9.330499540229888E-6,1.603585057471266E-6,1.3150497701149418E-6,-7.921655172413397E-5,1.5890070114942534E-5,0.0,2.9167094252873573E-8,0.0,0.0,0.0,2.561610229885056E-7,3.934614609195403E-7,0.0,7.234011494252863E-7,0.0,2.0496732643678155E-5,6.85388206896553E-5,6.685271839080469E-5,9.23411940229885E-4,0.02209564172413793,0.02211159505747126,2.404002298850549E-6,7.308277011494251E-7,0.0,0.0,0.0,0.0,2.580039080459772E-7,2.86527367816092E-4,2.433708505747125E-7,0.0,0.0,1.2102528735632032E-8,0.0,0.0,3.9429488505747135E-6,1.7573971954022992E-4,0.0,1.388160045977012E-7,1.965560689655174E-5,0.0,2.1047397701149435E-7,1.3519074712643674E-5,1.308173333333334E-7,0.0,0.0,0.0,-3.9363474712643695E-5,1.8750667816091954E-7,0.0,0.0,0.0,1.5524243678160921E-4,1.564169321839079E-4,0.0,0.0,9.004556436781608E-5,0.0026254235632183934,0.002595717356321837,-7.31102758620692E-7,0.0,0.0,2.5684866666666664E-6,5.597419540229889E-8,0.0,2.8055862068965494E-8,1.76036781609194E-8,0.0,6.824175862068959E-6,4.0180395402298846E-5,0.0,0.0,0.001395779137931034,0.0014375328620689655,-3.193417241379313E-7,0.0,1.04411816091954E-5,0.0,-4.264215977011494E-5,0.0,6.331547931034483E-5,1.1167333333333345E-7,2.626798850574716E-6,3.00005183908046E-5,0.0,0.0,0.0,-1.2377586206894884E-7,-2.4617643678160943E-7,0.0,0.0,1.0999548275862076E-4,0.0,5.496748505747126E-6,0.0,0.0,-9.926824137931045E-6,0.0,0.0,0.0,2.68071011494253E-6,0.0,0.0,0.0,0.0,0.0,0.0,0.0,0.0,0.0,-2.4205057471263637E-8,0.0,-6.518862068965495E-7,0.0,0.0,0.0,-2.8798517241379337E-7,2.2766506896551732E-7,4.9626969195402315E-5,5.5624872413793105E-5,0.0,3.007175827586205E-7,0.0,1.6539205747126425E-6,1.64869448275862E-6,-2.1729540229882358E-7,0.0,0.0,0.0,0.0,-3.7132758620692587E-7,0.0,3.699247931034484E-7,4.4174229885057514E-7,0.0,6.1887931034482736E-6,1.62283908045977E-5,0.0,-2.101439080459774E-9,-1.900647126436786E-9,0.0,-1.4036182758620749E-6,1.1296610344827572E-5,0.0,1.0644174022988502E-5,0.004848438045977007,1.547335804597702E-5,1.569670471264369E-5,2.4680906896551723E-4,0.0,0.0,0.0,0.0018926704597701125,0.0017518410344827594,0.0,1.6927036781609194E-6,9.184719080459771E-5,
CHZUSDT,6.699218758620688E-4,6.708433248275864E-4,4.981059310344828E-6,0.8542336249655172,0.8540065539999999,1.2886377241379314E-6,2.4111177241379313E-8,2.394051655172414E-8,7.73434482758628E-8,0.0,0.0,1.4634110344827586E-7,2.224169724137931E-6,0.0,0.0,0.0,7.439613793103447E-8,4.2701262068965553E-7,0.0,0.0,1.0491364206896551E-5,1.2513820689655176E-6,8.84062965517241E-7,0.0010919400689655184,1.2840126551724136E-5,0.0,1.1396566896551723E-8,0.0,0.0,0.0,2.2217051034482754E-7,2.011518731034483E-7,0.0,1.2840993103448277E-6,0.0,1.5493451655172415E-5,7.558059586206901E-5,7.499775862068968E-5,6.410200882758623E-4,0.014185550896551727,0.014171181517241378,2.256232413793096E-6,1.3852555862068964E-6,0.0,0.0,0.0,0.0,3.820882068965519E-7,1.8522666206896555E-4,1.530894413793104E-7,0.0,0.0,1.2954048275862064E-7,0.0,0.0,2.7638010344827587E-6,1.4523339379310347E-4,0.0,7.076134068965518E-8,1.4194129655172417E-5,0.0,1.8012407586206896E-7,9.441551724137932E-6,8.405584827586209E-8,0.0,0.0,0.0,4.08787724137931E-6,1.5316069655172416E-7,0.0,0.0,0.0,9.948185862068968E-5,1.0059975931034481E-4,0.0,0.0,7.91102627586207E-5,0.001747522068965518,0.0017349697241379307,9.025735172413792E-7,0.0,0.0,1.6639544137931032E-6,3.824924137931035E-8,0.0,2.160131034482757E-8,1.0019910344827584E-7,0.0,9.170588275862062E-6,2.773124758620689E-5,0.0,0.0,6.751199310344826E-4,6.900909241379312E-4,2.683677241379308E-7,0.0,8.77582620689655E-6,0.0,-1.174297517241379E-5,0.0,5.231357379310346E-5,7.815434482758623E-8,3.1260482758620696E-6,2.5286031724137922E-5,0.0,0.0,0.0,6.852758620688816E-8,3.603658620689656E-7,0.0,0.0,7.236477241379311E-5,0.0,4.6094839310344835E-6,0.0,0.0,2.467722758620687E-6,0.0,0.0,0.0,1.8117753793103452E-6,0.0,0.0,0.0,0.0,0.0,0.0,0.0,0.0,0.0,-3.466579310344829E-8,0.0,3.4474855172413793E-6,0.0,0.0,0.0,5.018968965517238E-8,1.4140797241379314E-7,2.626481772413793E-5,2.6949061379310345E-5,0.0,1.2645372896551723E-7,0.0,1.1679644137931035E-6,1.1685911724137935E-6,7.395724137931086E-8,0.0,0.0,0.0,0.0,1.4303448275848927E-8,0.0,2.3456091034482764E-7,5.16507103448276E-7,0.0,8.326527586206894E-6,1.9736600000000017E-5,0.0,-5.262206896551731E-11,7.408275862068454E-12,0.0,1.1025276551724136E-6,1.2784652413793098E-5,0.0,7.87074131034483E-6,0.0021264517931034485,1.0751270344827587E-5,1.086659627586207E-5,2.187731034482759E-4,0.0,0.0,0.0,0.0015463519310344824,0.0015571018620689654,0.0,1.0995204827586207E-6,2.2430483448275858E-5,
CKBUSDT,0.0,0.0,0.0,0.0,0.0,0.0,0.0,0.0,0.0,0.0,0.0,0.0,0.0,0.0,0.0,0.0,0.0,0.0,0.0,0.0,0.0,0.0,0.0,0.0,0.0,0.0,0.0,0.0,0.0,0.0,0.0,0.0,0.0,0.0,0.0,0.0,0.0,0.0,0.0,0.0,0.0,0.0,0.0,0.0,0.0,0.0,0.0,0.0,0.0,0.0,0.0,0.0,0.0,0.0,0.0,0.0,0.0,0.0,0.0,0.0,0.0,0.0,0.0,0.0,0.0,0.0,0.0,0.0,0.0,0.0,0.0,0.0,0.0,0.0,0.0,0.0,0.0,0.0,0.0,0.0,0.0,0.0,0.0,0.0,0.0,0.0,0.0,0.0,0.0,0.0,0.0,0.0,0.0,0.0,0.0,0.0,0.0,0.0,0.0,0.0,0.0,0.0,0.0,0.0,0.0,0.0,0.0,0.0,0.0,0.0,0.0,0.0,0.0,0.0,0.0,0.0,0.0,0.0,0.0,0.0,0.0,0.0,0.0,0.0,0.0,0.0,0.0,0.0,0.0,0.0,0.0,0.0,0.0,0.0,0.0,0.0,0.0,0.0,0.0,0.0,0.0,0.0,0.0,0.0,0.0,0.0,0.0,0.0,0.0,0.0,0.0,0.0,0.0,0.0,0.0,0.0,0.0,0.0,0.0,0.0,0.0,0.0,0.0,0.0,0.0,0.0,0.0,0.0,0.0,0.0,0.0,0.0,0.0,0.0,0.0,0.0,0.0,
COMPUSDT,0.0,0.0,0.0,0.0,0.0,0.0,0.0,0.0,0.0,0.0,0.0,0.0,0.0,0.0,0.0,0.0,0.0,0.0,0.0,0.0,0.0,0.0,0.0,0.0,0.0,0.0,0.0,0.0,0.0,0.0,0.0,0.0,0.0,0.0,0.0,0.0,0.0,0.0,0.0,0.0,0.0,0.0,0.0,0.0,0.0,0.0,0.0,0.0,0.0,0.0,0.0,0.0,0.0,0.0,0.0,0.0,0.0,0.0,0.0,0.0,0.0,0.0,0.0,0.0,0.0,0.0,0.0,0.0,0.0,0.0,0.0,0.0,0.0,0.0,0.0,0.0,0.0,0.0,0.0,0.0,0.0,0.0,0.0,0.0,0.0,0.0,0.0,0.0,0.0,0.0,0.0,0.0,0.0,0.0,0.0,0.0,0.0,0.0,0.0,0.0,0.0,0.0,0.0,0.0,0.0,0.0,0.0,0.0,0.0,0.0,0.0,0.0,0.0,0.0,0.0,0.0,0.0,0.0,0.0,0.0,0.0,0.0,0.0,0.0,0.0,0.0,0.0,0.0,0.0,0.0,0.0,0.0,0.0,0.0,0.0,0.0,0.0,0.0,0.0,0.0,0.0,0.0,0.0,0.0,0.0,0.0,0.0,0.0,0.0,0.0,0.0,0.0,0.0,0.0,0.0,0.0,0.0,0.0,0.0,0.0,0.0,0.0,0.0,0.0,0.0,0.0,0.0,0.0,0.0,0.0,0.0,0.0,0.0,0.0,0.0,0.0,0.0,
COSUSDT,8.408093103448281E-5,8.338932643678167E-5,1.2909931034482766E-6,0.08576132505747126,0.08593942781609192,2.154216091954023E-7,2.942055172413793E-9,2.9371448275862054E-9,2.0022988505749E-9,0.0,0.0,2.4049885057471265E-8,2.2004597701148243E-9,7.439613793103447E-8,0.0,0.0,0.0,1.6665080459770123E-7,0.0,0.0,7.843383908045972E-7,3.52673563218391E-7,2.1778298850574706E-7,4.905510344827582E-4,1.375295402298851E-6,0.0,1.2240781609195401E-9,0.0,0.0,0.0,6.000880459770117E-8,2.2143521839080465E-8,0.0,2.465471264367816E-7,0.0,1.4426156321839077E-6,2.1717282758620682E-5,2.176785057471265E-5,8.475305977011496E-5,0.0018846565517241388,0.0018800204597701163,4.154459770114976E-7,2.635567816091954E-7,0.0,0.0,0.0,0.0,8.527540229885058E-8,2.443659770114942E-5,2.0144321839080454E-8,0.0,0.0,2.6542298850574726E-8,0.0,0.0,4.0966321839080454E-7,1.4199108045977012E-5,0.0,4.4314781609195405E-9,3.1443241379310352E-6,0.0,3.9031540229885073E-8,1.848183908045977E-6,1.4652666666666663E-8,0.0,0.0,0.0,4.933319540229882E-6,1.8040735632183905E-8,0.0,0.0,0.0,1.0205114942528734E-5,9.96039540229885E-6,0.0,0.0,1.016307356321839E-5,4.478816091954024E-4,4.458291954022991E-4,3.892337931034482E-7,0.0,0.0,1.9995126436781614E-7,1.3238045977011493E-8,0.0,6.069310344827583E-9,3.148597701149427E-8,0.0,1.344082758620688E-6,5.001156321839082E-6,0.0,0.0,9.368827586206898E-5,9.394489655172412E-5,4.745034482758616E-8,0.0,1.5870597701149428E-6,0.0,2.1152114942528724E-6,0.0,9.080262068965519E-6,2.0054252873563213E-8,7.70183908045977E-7,5.612981609195404E-6,0.0,0.0,0.0,6.103448275860673E-9,1.547540229885057E-7,0.0,0.0,1.5455034482758622E-5,0.0,5.000549425287358E-7,0.0,0.0,3.7245310344827586E-6,0.0,0.0,0.0,2.177795402298851E-7,0.0,0.0,0.0,0.0,0.0,0.0,0.0,0.0,0.0,9.244988505747124E-8,0.0,1.1688689655172418E-6,0.0,0.0,0.0,1.5447931034482746E-8,2.0275103448275866E-8,1.940089425287356E-6,2.1494896551724133E-6,0.0,8.983848275862075E-9,0.0,1.5471908045977014E-7,1.5494000000000004E-7,-4.0321839080473995E-9,0.0,0.0,0.0,0.0,-2.8620689655179E-9,0.0,3.665227586206897E-8,8.685425287356323E-8,0.0,1.8121034482758623E-6,5.650885057471263E-6,0.0,1.989908045977012E-10,2.199747126436777E-10,0.0,1.3540165517241377E-6,1.6448206896551722E-6,0.0,8.203225287356319E-7,4.2152574712643685E-4,1.7752298850574715E-6,1.7798004597701147E-6,2.677641379310345E-5,0.0,0.0,0.0,2.141554022988505E-4,2.2118482758620684E-4,0.0,8.831011494252873E-8,2.197119540229885E-6,
COTIUSDT,0.0016045336206896555,0.0016018918252873567,2.074467586206897E-5,0.897373105287357,0.8971543866666671,1.5456501149425293E-6,2.2911524137931044E-8,2.3152496551724142E-8,2.441425287356181E-7,0.0,0.0,2.7719977011494267E-7,-1.1838473563218383E-6,4.2701262068965553E-7,0.0,0.0,1.6665080459770123E-7,0.0,0.0,0.0,3.359883885057471E-5,3.545588505747126E-6,1.5338970114942531E-6,0.007103584827586209,1.5810590804597708E-5,0.0,5.7799149425287414E-9,0.0,0.0,0.0,4.190403678160922E-7,2.9727545747126447E-7,0.0,2.8499563218390794E-6,0.0,3.579302781609194E-5,2.3567839310344835E-4,2.3672135632183904E-4,8.197223264367815E-4,0.031417095862068964,0.0313552167816092,3.442098850574745E-6,3.793754942528736E-6,0.0,0.0,0.0,0.0,9.192887356321841E-7,3.0851526436781603E-4,2.2948657471264364E-7,0.0,0.0,3.2393632183908044E-7,0.0,0.0,2.4716919540229896E-6,2.0998083678160922E-4,0.0,1.683374942528737E-8,4.297995862068964E-5,0.0,3.8924756321839095E-7,1.4893954022988509E-5,1.5701602298850572E-7,0.0,0.0,0.0,6.86180528735632E-5,8.200629885057472E-8,0.0,0.0,0.0,3.235130229885057E-4,3.244752735632184E-4,0.0,0.0,1.407819402298851E-4,0.0033590356321839088,0.0033693377011494267,4.604219310344828E-6,0.0,0.0,2.647778390804598E-6,5.375919540229886E-8,0.0,3.216965517241381E-8,2.233650574712644E-7,0.0,3.8531889655172415E-5,5.10915540229885E-5,0.0,0.0,9.990893103448278E-4,0.0010006822068965519,1.1595937931034476E-6,0.0,1.683870574712644E-5,0.0,9.924802298850567E-6,0.0,1.0538538620689656E-4,2.7621885057471284E-7,7.759471264367819E-6,6.753837701149428E-5,0.0,0.0,0.0,8.020689655170165E-8,1.555342528735632E-6,0.0,0.0,1.4747489655172417E-4,0.0,1.0622158160919543E-5,0.0,0.0,2.3765958620689665E-5,0.0,0.0,0.0,2.4135418390804598E-6,0.0,0.0,0.0,0.0,0.0,0.0,0.0,0.0,0.0,-2.9221057471264356E-7,0.0,1.3881289655172413E-5,0.0,0.0,0.0,3.839775862068964E-7,1.7372986206896562E-7,2.604017195402299E-5,5.046580689655172E-5,0.0,1.4703666206896554E-7,0.0,1.8826933333333342E-6,1.8804903448275871E-6,1.1334942528733336E-7,0.0,0.0,0.0,0.0,8.641379310343076E-8,0.0,5.467786896551725E-7,1.1268360919540237E-6,0.0,2.4139241379310342E-5,5.270194252873561E-5,0.0,3.0411540229885027E-9,3.1965701149425267E-9,0.0,1.0499505517241386E-5,3.918429655172413E-5,0.0,1.4454731264367818E-5,0.006305523908045977,1.6115345977011496E-5,1.6066462988505754E-5,6.071606206896555E-4,0.0,0.0,0.0,0.006167434942528734,0.006275583448275862,0.0,7.970374712643678E-7,1.962506666666667E-5,
CRVUSDT,0.0,0.0,0.0,0.0,0.0,0.0,0.0,0.0,0.0,0.0,0.0,0.0,0.0,0.0,0.0,0.0,0.0,0.0,0.0,0.0,0.0,0.0,0.0,0.0,0.0,0.0,0.0,0.0,0.0,0.0,0.0,0.0,0.0,0.0,0.0,0.0,0.0,0.0,0.0,0.0,0.0,0.0,0.0,0.0,0.0,0.0,0.0,0.0,0.0,0.0,0.0,0.0,0.0,0.0,0.0,0.0,0.0,0.0,0.0,0.0,0.0,0.0,0.0,0.0,0.0,0.0,0.0,0.0,0.0,0.0,0.0,0.0,0.0,0.0,0.0,0.0,0.0,0.0,0.0,0.0,0.0,0.0,0.0,0.0,0.0,0.0,0.0,0.0,0.0,0.0,0.0,0.0,0.0,0.0,0.0,0.0,0.0,0.0,0.0,0.0,0.0,0.0,0.0,0.0,0.0,0.0,0.0,0.0,0.0,0.0,0.0,0.0,0.0,0.0,0.0,0.0,0.0,0.0,0.0,0.0,0.0,0.0,0.0,0.0,0.0,0.0,0.0,0.0,0.0,0.0,0.0,0.0,0.0,0.0,0.0,0.0,0.0,0.0,0.0,0.0,0.0,0.0,0.0,0.0,0.0,0.0,0.0,0.0,0.0,0.0,0.0,0.0,0.0,0.0,0.0,0.0,0.0,0.0,0.0,0.0,0.0,0.0,0.0,0.0,0.0,0.0,0.0,0.0,0.0,0.0,0.0,0.0,0.0,0.0,0.0,0.0,0.0,
CTKUSDT,0.0,0.0,0.0,0.0,0.0,0.0,0.0,0.0,0.0,0.0,0.0,0.0,0.0,0.0,0.0,0.0,0.0,0.0,0.0,0.0,0.0,0.0,0.0,0.0,0.0,0.0,0.0,0.0,0.0,0.0,0.0,0.0,0.0,0.0,0.0,0.0,0.0,0.0,0.0,0.0,0.0,0.0,0.0,0.0,0.0,0.0,0.0,0.0,0.0,0.0,0.0,0.0,0.0,0.0,0.0,0.0,0.0,0.0,0.0,0.0,0.0,0.0,0.0,0.0,0.0,0.0,0.0,0.0,0.0,0.0,0.0,0.0,0.0,0.0,0.0,0.0,0.0,0.0,0.0,0.0,0.0,0.0,0.0,0.0,0.0,0.0,0.0,0.0,0.0,0.0,0.0,0.0,0.0,0.0,0.0,0.0,0.0,0.0,0.0,0.0,0.0,0.0,0.0,0.0,0.0,0.0,0.0,0.0,0.0,0.0,0.0,0.0,0.0,0.0,0.0,0.0,0.0,0.0,0.0,0.0,0.0,0.0,0.0,0.0,0.0,0.0,0.0,0.0,0.0,0.0,0.0,0.0,0.0,0.0,0.0,0.0,0.0,0.0,0.0,0.0,0.0,0.0,0.0,0.0,0.0,0.0,0.0,0.0,0.0,0.0,0.0,0.0,0.0,0.0,0.0,0.0,0.0,0.0,0.0,0.0,0.0,0.0,0.0,0.0,0.0,0.0,0.0,0.0,0.0,0.0,0.0,0.0,0.0,0.0,0.0,0.0,0.0,
