 ,BNBUSDC,BNBUSDT,BNTUSDT,BTCUSDC,BTCUSDT,BTSUSDT,BTTUSDC,BTTUSDT,BUSDUSDT,BZRXUSDT,CELOUSDT,CELRUSDT,CHRUSDT,CHZUSDT,CKBUSDT,COMPUSDT,COSUSDT,COTIUSDT,CRVUSDT,CTKUSDT,CTSIUSDT,CTXCUSDT,CVCUSDT,DASHUSDT,DATAUSDT,DCRUSDT,DENTUSDT,DGBUSDT,DIAUSDT,DNTUSDT,DOCKUSDT,DOGEUSDT,DOTUSDT,DUSKUSDT,EGLDUSDT,ENJUSDT,EOSUSDC,EOSUSDT,ETCUSDT,ETHUSDC,ETHUSDT,EURUSDT,FETUSDT,FILUSDT,FIOUSDT,FIROUSDT,FLMUSDT,FTMUSDT,FTTUSDT,FUNUSDT,GBPUSDT,GRTUSDT,GTOUSDT,GXSUSDT,HARDUSDT,HBARUSDT,HIVEUSDT,HNTUSDT,HOTUSDT,ICXUSDT,INJUSDT,IOSTUSDT,IOTAUSDT,IOTXUSDT,IRISUSDT,JSTUSDT,JUVUSDT,KAVAUSDT,KEYUSDT,KMDUSDT,KNCUSDT,KSMUSDT,LINKUSDC,LINKUSDT,LITUSDT,LRCUSDT,LSKUSDT,LTCUSDC,LTCUSDT,LTOUSDT,LUNAUSDT,MANAUSDT,MATICUSDT,MBLUSDT,MDTUSDT,MFTUSDT,MITHUSDT,MKRUSDT,MTLUSDT,NANOUSDT,NBSUSDT,NEARUSDT,NEOUSDC,NEOUSDT,NKNUSDT,NMRUSDT,NULSUSDT,OCEANUSDT,OGNUSDT,OGUSDT,OMGUSDT,ONEUSDT,ONGUSDT,ONTUSDT,ORNUSDT,OXTUSDT,PAXGUSDT,PAXUSDT,PERLUSDT,PNTUSDT,PSGUSDT,QTUMUSDT,REEFUSDT,RENUSDT,REPUSDT,RIFUSDT,RLCUSDT,ROSEUSDT,RSRUSDT,RUNEUSDT,RVNUSDT,SANDUSDT,SCUSDT,SFPUSDT,SKLUSDT,SNXUSDT,SOLUSDT,SRMUSDT,STMXUSDT,STORJUSDT,STPTUSDT,STRAXUSDT,STXUSDT,SUSDUSDT,SUSHIUSDT,SXPUSDT,TCTUSDT,TFUELUSDT,THETAUSDT,TOMOUSDT,TRBUSDT,TROYUSDT,TRUUSDT,TRXUSDC,TRXUSDT,TUSDUSDT,TWTUSDT,UMAUSDT,UNFIUSDT,UNIUSDT,USDCUSDT,UTKUSDT,VETUSDT,VITEUSDT,VTHOUSDT,WANUSDT,WAVESUSDT,WINGUSDT,WINUSDC,WINUSDT,WNXMUSDT,WRXUSDT,WTCUSDT,XEMUSDT,XLMUSDT,XMRUSDT,XRPUSDC,XRPUSDT,XTZUSDT,XVSUSDT,YFIIUSDT,YFIUSDT,ZECUSDC,ZECUSDT,ZENUSDT,ZILUSDT,ZRXUSDT,
BNBUSDC,0.0,0.6101870579540233,0.006640478459770115,508.06801278505736,507.6870534988503,0.0010589127931034481,1.5733935367816086E-5,1.5751099689655167E-5,2.8079321839080455E-5,0.0,0.0,1.0611131034482753E-4,3.9327093103445924E-5,3.8304603643678133E-4,0.0,0.0,1.5251119655172412E-4,8.351951620689659E-4,0.0,0.0,0.007909429913793108,0.0019999835632183924,9.256954873563215E-4,2.449185734482759,0.007477323573563216,0.0,5.2092512068965484E-6,0.0,0.0,0.0,2.2834622068965515E-4,1.2835115143678154E-4,0.0,0.0012201496896551724,0.0,0.008103584681609193,0.10805886164367819,0.10770846745977018,0.46076123265517227,11.395988660919542,11.37538304712644,0.003074209896551722,0.0013437102252873562,0.0,0.0,0.0,0.0,3.9629473218390806E-4,0.15109010551724136,7.934706310344816E-5,0.0,0.0,1.9064886321839078E-4,5.876981724137799E-4,0.0,0.002182678340229885,0.09138104144827583,0.0,2.7001454586206878E-5,0.01528089686206897,0.0,1.8924733241379316E-4,0.00820701288505747,7.370764057471261E-5,0.0,0.0,0.0,0.021954296551724133,8.694807471264369E-5,0.0,0.0,0.0,0.0929791742183908,0.09354981950574714,0.0,0.0,0.06496330601149425,1.9979992229885069,2.01101021954023,0.0014750529620689663,0.0,0.0,0.0010876760068965511,4.791053195402297E-5,0.0,2.5370453103448275E-5,1.2639051034482756E-4,0.0,0.008369995816091949,0.02459499477011493,0.0,0.0,0.4491214974712641,0.4495918327586204,2.6556932413793086E-4,0.0,0.009246661563218388,0.0,0.004514085908045986,0.0,0.04655136128735632,5.9326386206896454E-5,0.002833087494252873,0.024804491839080452,0.0,0.0,0.0,4.965034482752338E-6,5.599941114942528E-4,0.0,0.0,0.07281170896551724,0.0,0.0024392925103448255,0.0,0.0,0.009906127965517241,0.0,0.0,0.0,0.0011878211517241375,0.0,0.0,0.0,0.0,0.0,0.0,0.0,0.0,0.0,2.191539241379311E-4,0.0,0.005145551643678163,0.0,0.0,0.0,1.2743581413793102E-4,1.045586847126437E-4,0.01154140291494252,0.014110768678160916,0.0,7.904118783908044E-5,0.0,9.055814218390804E-4,9.057180436781605E-4,7.996321839031817E-7,0.0,0.0,0.0,0.0,-7.278379310353554E-6,0.0,2.0411859563218383E-4,4.181001080459771E-4,0.0,0.00869059512643678,0.02908808679310344,0.0,1.53083943678161E-6,1.5892112528735628E-6,0.0,0.0036437410091954047,0.009690620689655174,0.0,0.005558191678160919,2.1028663942528736,0.009706461331034479,0.009735553602298847,0.17399365847126436,0.0,0.0,0.0,1.5217999160919549,1.5399610896551725,0.0,4.414434528735629E-4,0.006407933862068937,
BNBUSDT,0.6101870579540233,0.0,0.006588757218390806,506.92071374023,506.56356938160917,0.0010543062758620694,1.5681540988505747E-5,1.5695841310344824E-5,2.918652873563227E-5,0.0,0.0,1.0564868965517244E-4,6.401071034482512E-5,3.84669796091954E-4,0.0,0.0,1.5133122758620692E-4,8.227437448275866E-4,0.0,0.0,0.007792041896551722,0.0019712870114942543,9.22178197701149E-4,2.420096772413794,0.007487436921839082,0.0,5.221070689655171E-6,0.0,0.0,0.0,2.2746662068965525E-4,1.277841122988505E-4,0.0,0.0012064288965517244,0.0,0.008086233498850572,0.10702564947126439,0.10667210128735634,0.45807177951724126,11.336787264367821,11.317350560919545,0.0030740695172413774,0.0013285170666666667,0.0,0.0,0.0,0.0,3.928167080459771E-4,0.15005871999999995,7.982061862068965E-5,0.0,0.0,1.8959613563218397E-4,8.20940206896567E-4,0.0,0.002177597112643679,0.09016247606896552,0.0,2.699441255172414E-5,0.015113861793103447,0.0,1.8771912137931042E-4,0.008162600091954023,7.329778781609196E-5,0.0,0.0,0.0,0.021585742758620685,8.712598505747128E-5,0.0,0.0,0.0,0.09295324225287356,0.09354764133333333,0.0,0.0,0.0641568034942529,1.9803349333333342,1.9932710436781607,0.001454626144827587,0.0,0.0,0.0010815547103448276,4.745621195402298E-5,0.0,2.5146079999999995E-5,1.2494753103448286E-4,0.0,0.00835484974712643,0.024454373563218383,0.0,0.0,0.4485036809195401,0.44890526206896547,2.631512137931032E-4,0.0,0.00918146445977012,0.0,0.004377957149425292,0.0,0.04625637983908047,5.963574482758617E-5,0.002821498459770115,0.024584295632183915,0.0,0.0,0.0,6.397862068959587E-6,5.545151218390804E-4,0.0,0.0,0.07217064413793105,0.0,0.002444826013793104,0.0,0.0,0.009853547517241379,0.0,0.0,0.0,0.0011796454206896548,0.0,0.0,0.0,0.0,0.0,0.0,0.0,0.0,0.0,2.16566703448276E-4,0.0,0.00510339016091954,0.0,0.0,0.0,1.257566406896552E-4,1.0411567195402301E-4,0.011570867997701144,0.014080496436781605,0.0,7.865719639080462E-5,0.0,8.983059839080461E-4,8.985245678160924E-4,2.978321839075945E-6,0.0,0.0,0.0,0.0,-5.4856551724221615E-6,0.0,2.0224433287356318E-4,4.1551388735632194E-4,0.0,0.008613606643678164,0.028776167793103446,0.0,1.5009545747126438E-6,1.5603619770114938E-6,0.0,0.0036052096022988526,0.00964308103448276,0.0,0.005520571126436783,2.0857538321839084,0.009622227372413798,0.009651514243678164,0.17266383719540232,0.0,0.0,0.0,1.514823443678161,1.5336338206896554,0.0,4.4356257701149435E-4,0.006606694344827564,
BNTUSDT,0.006640478459770115,0.006588757218390806,0.0,4.783582887356325,4.779270225287357,9.870172413793104E-6,1.379599770114943E-7,1.397653103448276E-7,5.615402298850114E-7,0.0,0.0,1.4236206896551726E-6,-3.1077310344827394E-6,2.1737583908046007E-6,0.0,0.0,1.594234482758621E-6,1.4032027586206898E-5,0.0,0.0,1.5595603448275864E-4,1.8835747126436793E-5,1.034306436781609E-5,0.03957604137931033,6.408613333333338E-5,0.0,3.347448275862073E-8,0.0,0.0,0.0,2.2934379310344835E-6,1.2438011494252873E-6,0.0,1.3541172413793108E-5,0.0,1.285438183908047E-4,0.0013149495632183907,0.00131491616091954,0.004242800620689656,0.1354538390804598,0.13531690114942535,2.11916551724138E-5,1.7759291954022993E-5,0.0,0.0,0.0,0.0,4.345836781609194E-6,0.001542108275862069,7.972110344827592E-7,0.0,0.0,2.111740229885058E-6,1.4741655172413848E-5,0.0,1.817134942528736E-5,7.179361379310346E-4,0.0,1.0301593103448296E-7,2.0420606896551731E-4,0.0,2.217129655172414E-6,9.04483218390805E-5,8.436852873563218E-7,0.0,0.0,0.0,3.124644827586205E-4,5.702425287356326E-7,0.0,0.0,0.0,0.001410769402298851,0.0014400551494252877,0.0,0.0,6.214189885057472E-4,0.02264774252873564,0.022958349425287357,1.8418744827586203E-5,0.0,0.0,1.235495862068966E-5,5.241749425287356E-7,0.0,2.615606896551724E-7,1.4085586206896557E-6,0.0,1.437700459770114E-4,2.5188816091954025E-4,0.0,0.0,0.004749499080459771,0.004766748275862073,3.3856068965517224E-6,0.0,1.0951326436781612E-4,0.0,8.531857471264362E-5,0.0,5.124345747126438E-4,1.2902344827586214E-6,3.2544574712643685E-5,3.120595402298852E-4,0.0,0.0,0.0,8.772413793092307E-8,8.109905747126435E-6,0.0,0.0,8.051082758620691E-4,0.0,3.1186731034482775E-5,0.0,0.0,1.4034186206896557E-4,0.0,0.0,0.0,1.2491572413793107E-5,0.0,0.0,0.0,0.0,0.0,0.0,0.0,0.0,0.0,2.033110344827586E-6,0.0,7.580990804597704E-5,0.0,0.0,0.0,1.856997931034483E-6,1.0330963218390808E-6,1.0673853333333334E-4,1.5470149425287366E-4,0.0,7.869311264367821E-7,0.0,9.580250574712646E-6,9.593128735632185E-6,2.948505747125225E-7,0.0,0.0,0.0,0.0,1.8682758620683726E-7,0.0,2.442128505747127E-6,5.372960919540233E-6,0.0,1.1334487356321842E-4,3.0982131034482737E-4,0.0,2.2054528735632163E-8,2.3254091954022956E-8,0.0,4.335999080459773E-5,1.2637379310344825E-4,0.0,6.738156321839081E-5,0.028045519540229887,9.657928965517243E-5,9.77696390804598E-5,0.0026196620459770117,0.0,0.0,0.0,0.022885894252873563,0.02326008275862069,0.0,2.9581333333333386E-6,4.435889655172442E-5,
BTCUSDC,508.06801278505736,506.92071374023,4.783582887356325,0.0,1038449.0849216089,1.3708625517241382,0.025328651654022993,0.02520592433448276,0.19981642183907766,0.0,0.0,0.17480178275862077,6.310209582413792,1.2068293361954021,0.0,0.0,0.09283208931034488,-0.0018089072413788512,0.0,0.0,9.461656318965519,-0.269419471264367,1.0887476790804598,233.74394862068996,15.222026184252874,0.0,0.013185193189655171,0.0,0.0,0.0,0.2910055127586207,0.23902186217816082,0.0,1.1159295068965518,0.0,17.627908601264373,51.67333808160927,51.0934335666667,630.6017907551724,13476.253786781612,13516.085836436785,2.907250479310339,1.5383997577011497,0.0,0.0,0.0,0.0,0.5339016470114943,169.7034066206897,0.24577327244827585,0.0,0.0,0.2260270352873563,42.791166444827596,0.0,2.8741125105747125,156.32929563448272,0.0,0.08065348955517239,17.50209394137931,0.0,0.19666445786206901,15.50122377816092,0.10894796357471265,0.0,0.0,0.0,-5.555698241379311,0.18048594471264365,0.0,0.0,0.0,109.36170198735631,110.16565048160918,0.0,0.0,72.5124957942529,1837.0584216091954,1827.9429605747127,0.0418940010344831,0.0,0.0,2.1080065737931033,0.037468303057471265,0.0,0.02502706510344826,0.09815727793103451,0.0,6.885037174712642,42.045655511494246,0.0,0.0,1073.7724237471261,1077.6035560344826,0.03725343034482739,0.0,10.057139714942526,0.0,-17.745668622988504,0.0,81.76060062528737,0.1648410668965517,3.8223652114942532,31.246692149425282,0.0,0.0,0.0,0.2158700068965474,0.3497878745977012,0.0,0.0,83.59758731034486,0.0,5.831726336551723,0.0,0.0,17.203729610344823,0.0,0.0,0.0,1.6936299993103443,0.0,0.0,0.0,0.0,0.0,0.0,0.0,0.0,0.0,-0.15127780827586204,0.0,5.2626473229885065,0.0,0.0,0.0,-5.029925172413848E-4,0.18690644895402303,31.764538630114934,29.051546971264365,0.0,0.09739631514252874,0.0,1.2175456952873565,1.2186083443678164,0.21143929425287647,0.0,0.0,0.0,0.0,0.16103958275861746,0.0,0.2764220865977012,0.5228366549425288,0.0,8.86007051954023,22.686277858620702,0.0,-0.002032591566666666,-0.0019360042954022993,0.0,0.5499209685057475,2.9004441724137893,0.0,8.390674381609193,2760.0303414942546,11.179215293793106,11.22173041816092,190.90175268850572,0.0,0.0,0.0,987.4629929885051,1015.8139489655174,0.0,1.489241458390805,60.3766812551724,
BTCUSDT,507.6870534988503,506.56356938160917,4.779270225287357,1038449.0849216089,0.0,1.3719697862068967,0.0253431367954023,0.025220294055172416,0.20152284597700862,0.0,0.0,0.17494790344827582,6.320307004137932,1.2078553217471262,0.0,0.0,0.09265439034482757,-0.0033743096551723884,0.0,0.0,9.469899251724142,-0.27254567816092,1.0892251763218384,228.55840275861988,15.248134093563216,0.0,0.013191855793103446,0.0,0.0,0.0,0.2912580020689655,0.23921017995402297,0.0,1.1155464689655172,0.0,17.643602269885058,51.55422656091954,50.97919334942528,630.8215457655172,13477.382426436785,13517.441351264366,2.9133397999999917,1.5389480018390798,0.0,0.0,0.0,0.0,0.5341348163218391,169.730448137931,0.2461638226896552,0.0,0.0,0.22639660183908036,42.805885282758624,0.0,2.876477361609194,156.4313221448276,0.0,0.08072724854482757,17.50381932413793,0.0,0.19668826082758623,15.516970719540232,0.10898322629885057,0.0,0.0,0.0,-5.620722068965534,0.18064013712643678,0.0,0.0,0.0,109.42284837011495,110.23278655402295,0.0,0.0,72.49881751494249,1836.2487464367819,1827.1527995402291,0.03948523931034403,0.0,0.0,2.1089389662068965,0.03742654905747123,0.0,0.02502702289655171,0.09813200965517237,0.0,6.874042443678155,42.066023287356316,0.0,0.0,1075.1150452643678,1078.94174,0.03701680137930999,0.0,10.060579983908045,0.0,-17.790320650574714,0.0,81.85994468045976,0.16521653172413794,3.82308116321839,31.25928839080459,0.0,0.0,0.0,0.21749733103447846,0.3494277645977012,0.0,0.0,83.6028560689655,0.0,5.83873742689655,0.0,0.0,17.232376986206898,0.0,0.0,0.0,1.6937733565517235,0.0,0.0,0.0,0.0,0.0,0.0,0.0,0.0,0.0,-0.15208708689655187,0.0,5.264523078160918,0.0,0.0,0.0,-6.242463448276594E-4,0.18704069933333334,31.79686003287357,29.083562988505747,0.0,0.09736405161149421,0.0,1.2180629714942524,1.2191468595402295,0.21331741149425587,0.0,0.0,0.0,0.0,0.1629476620689623,0.0,0.27649753990804604,0.5228934763218391,0.0,8.85986413333333,22.650036248275864,0.0,-0.0020399892804597707,-0.0019432699609195424,0.0,0.5410768319540223,2.8790833793103365,0.0,8.395041774712643,2759.631272183907,11.180601012413792,11.22341996712643,190.94370358850574,0.0,0.0,0.0,984.8619278160913,1013.3308227586206,0.0,1.4911386383908047,60.50736611034485,
BTSUSDT,0.0010589127931034481,0.0010543062758620694,9.870172413793104E-6,1.3708625517241382,1.3719697862068967,0.0,3.9488586206896556E-8,3.930706896551725E-8,2.6165517241379316E-7,0.0,0.0,2.4346206896551726E-7,4.046348275862067E-6,1.3806793103448278E-6,0.0,0.0,2.191827586206897E-7,8.427655172413799E-7,0.0,0.0,1.55267275862069E-5,2.156586206896552E-6,1.9211758620689652E-6,0.0025319172413793105,2.1488348275862077E-5,0.0,1.5737724137931027E-8,0.0,0.0,0.0,4.921613793103449E-7,3.3177713793103444E-7,0.0,2.2748965517241385E-6,0.0,2.1482679310344828E-5,1.6051858620689662E-4,1.589864827586208E-4,0.0010654888620689655,0.022633220689655183,0.02264511034482759,6.4737241379310164E-6,2.696855172413793E-6,0.0,0.0,0.0,0.0,8.40741379310345E-7,3.072755172413793E-4,2.600765517241379E-7,0.0,0.0,3.7796206896551725E-7,1.4864137931034435E-5,0.0,5.092831034482762E-6,2.3734589655172416E-4,0.0,9.721462068965515E-8,2.951196551724138E-5,0.0,3.650144827586209E-7,2.0495034482758625E-5,1.5624E-7,0.0,0.0,0.0,1.830882758620689E-5,2.573034482758621E-7,0.0,0.0,0.0,1.6552575862068962E-4,1.6604451724137932E-4,0.0,0.0,1.3669572413793103E-4,0.0037014241379310364,0.0037066793103448293,1.5690034482758627E-6,0.0,0.0,2.689375862068965E-6,8.602206896551722E-8,0.0,4.9921379310344824E-8,2.2340689655172426E-7,0.0,1.380103448275861E-5,5.6094551724137915E-5,0.0,0.0,0.0012866089655172415,0.0012898993103448275,3.5566206896551674E-7,0.0,1.8099275862068968E-5,0.0,-9.010448275862067E-6,0.0,1.0895462068965522E-4,1.5600689655172414E-7,6.416344827586207E-6,5.1392034482758613E-5,0.0,0.0,0.0,2.335517241379208E-7,8.832551724137934E-7,0.0,0.0,1.4523586206896552E-4,0.0,6.6528620689655146E-6,0.0,0.0,2.1839344827586202E-5,0.0,0.0,0.0,2.7315206896551724E-6,0.0,0.0,0.0,0.0,0.0,0.0,0.0,0.0,0.0,1.7554482758620703E-7,0.0,9.286241379310346E-6,0.0,0.0,0.0,1.4705172413793105E-7,2.625862068965518E-7,3.7581520689655175E-5,3.718837931034482E-5,0.0,1.5787431034482766E-7,0.0,2.0139379310344835E-6,2.0166275862068973E-6,2.3868965517241466E-7,0.0,0.0,0.0,0.0,1.7589655172412629E-7,0.0,4.263303448275862E-7,8.545517241379312E-7,0.0,1.6185758620689655E-5,4.6798482758620685E-5,0.0,2.9444827586207013E-10,4.036551724137921E-10,0.0,3.699306896551725E-6,1.2088758620689644E-5,0.0,1.2927399999999998E-5,0.004064334482758621,2.057852068965518E-5,2.0626058620689654E-5,3.3387900000000003E-4,0.0,0.0,0.0,0.0021025965517241364,0.002147362068965517,0.0,1.6231689655172413E-6,5.003582758620688E-5,
BTTUSDC,1.5733935367816086E-5,1.5681540988505747E-5,1.379599770114943E-7,0.025328651654022993,0.0253431367954023,3.9488586206896556E-8,0.0,7.299732068965519E-10,4.108425287356257E-9,0.0,0.0,4.413448275862072E-9,1.0331941724137934E-7,2.8514204712643684E-8,0.0,0.0,2.973417241379311E-9,6.401624137931039E-9,0.0,0.0,2.629578448275864E-7,1.7438735632183897E-8,3.128437011494252E-8,2.3280341379310322E-5,3.7735352528735635E-7,0.0,3.297267241379311E-10,0.0,0.0,0.0,8.005513793103452E-9,6.013081091954024E-9,0.0,3.6730103448275864E-8,0.0,4.1616055057471283E-7,2.0183630919540234E-6,1.9981714597701144E-6,1.879248555172414E-5,3.702060747126438E-4,3.7085768160919545E-4,9.859106896551694E-8,4.342368735632184E-8,0.0,0.0,0.0,0.0,1.3967414942528734E-8,4.973588965517242E-6,5.33555482758621E-9,0.0,0.0,5.9426011494252866E-9,5.237686551724141E-7,0.0,8.778283678160921E-8,4.108442620689656E-6,0.0,2.1398558275862067E-9,4.7203782758620693E-7,0.0,5.856531724137931E-9,3.7640819540229897E-7,2.6431205747126437E-9,0.0,0.0,0.0,7.496103448275832E-8,5.171898850574715E-9,0.0,0.0,0.0,2.6577941494252877E-6,2.66203667816092E-6,0.0,0.0,2.155452632183908E-6,5.7737140229885077E-5,5.756392298850573E-5,1.1980679310344822E-8,0.0,0.0,5.169912413793105E-8,1.344449885057471E-9,0.0,7.975351724137928E-10,3.266427586206897E-9,0.0,1.986280229885056E-7,1.02409408045977E-6,0.0,0.0,2.456702229885057E-5,2.4645881034482768E-5,4.19907586206896E-9,0.0,2.864323908045977E-7,0.0,-3.032718160919541E-7,0.0,1.914959149425288E-6,2.980710344827587E-9,1.0956259770114949E-7,8.411273563218391E-7,0.0,0.0,0.0,4.341310344827402E-9,1.2430345977011492E-8,0.0,0.0,2.360699310344828E-6,0.0,1.2404253103448286E-7,0.0,0.0,3.621211379310347E-7,0.0,0.0,0.0,4.909083448275862E-8,0.0,0.0,0.0,0.0,0.0,0.0,0.0,0.0,0.0,3.7666896551723634E-10,0.0,1.462965402298851E-7,0.0,0.0,0.0,1.523318275862069E-9,4.854463333333334E-9,7.750243425287357E-7,6.871638505747128E-7,0.0,2.6152525977011493E-9,0.0,3.43353459770115E-8,3.434956781609194E-8,4.151080459770196E-9,0.0,0.0,0.0,0.0,2.7693448275860596E-9,0.0,7.158574252873563E-9,1.4779887356321842E-8,0.0,2.5509319540229876E-7,6.997776206896556E-7,0.0,-1.9188356321839095E-11,-1.7554402298850618E-11,0.0,3.035411954022989E-8,1.53248620689655E-7,0.0,2.2785154022988505E-7,6.668747011494255E-5,3.309804413793102E-7,3.319388988505748E-7,5.433155643678161E-6,0.0,0.0,0.0,2.9090564367816072E-5,2.974092413793104E-5,0.0,3.428047356321841E-8,1.1114167586206902E-6,
BTTUSDT,1.5751099689655167E-5,1.5695841310344824E-5,1.397653103448276E-7,0.02520592433448276,0.025220294055172416,3.930706896551725E-8,7.299732068965519E-10,0.0,4.096172413793041E-9,0.0,0.0,4.428758620689655E-9,1.0196454827586213E-7,2.8369807931034485E-8,0.0,0.0,2.986720689655172E-9,6.707686206896553E-9,0.0,0.0,2.6536653448275867E-7,1.7232068965517223E-8,3.119860689655171E-8,2.3981175862068946E-5,3.7582724482758624E-7,0.0,3.2684155172413795E-10,0.0,0.0,0.0,7.98041724137931E-9,5.980910862068965E-9,0.0,3.6742655172413794E-8,0.0,4.177620586206899E-7,2.0237195517241374E-6,2.004505551724138E-6,1.869523203448275E-5,3.700026724137931E-4,3.7063406551724143E-4,9.739031034482727E-8,4.356170344827587E-8,0.0,0.0,0.0,0.0,1.3968837931034484E-8,4.962338620689653E-6,5.323945172413795E-9,0.0,0.0,5.9777551724137925E-9,5.413065172413797E-7,0.0,8.737270344827587E-8,4.082892206896553E-6,0.0,2.1284290000000004E-9,4.727190689655171E-7,0.0,5.854785517241379E-9,3.762413448275862E-7,2.6420472413793114E-9,0.0,0.0,0.0,8.228241379310299E-8,5.133779310344828E-9,0.0,0.0,0.0,2.6835269999999995E-6,2.6906818275862075E-6,0.0,0.0,2.1461716206896545E-6,5.760736551724137E-5,5.744013448275861E-5,1.2327527586206885E-8,0.0,0.0,5.1744186206896555E-8,1.3385075862068959E-9,0.0,7.933682758620688E-10,3.2578482758620688E-9,0.0,2.0024048275862036E-7,1.0237970689655174E-6,0.0,0.0,2.4464783448275874E-5,2.455087068965518E-5,4.294131034482751E-9,0.0,2.8675496551724137E-7,0.0,-2.989560000000001E-7,0.0,1.917115448275862E-6,3.0048758620689663E-9,1.0911131034482759E-7,8.406462068965517E-7,0.0,0.0,0.0,4.283172413792917E-9,1.2520562068965511E-8,0.0,0.0,2.356045517241379E-6,0.0,1.2456257241379313E-7,0.0,0.0,3.676536896551725E-7,0.0,0.0,0.0,4.899892413793102E-8,0.0,0.0,0.0,0.0,0.0,0.0,0.0,0.0,0.0,3.689517241379256E-10,0.0,1.4733093103448274E-7,0.0,0.0,0.0,1.5481334482758609E-9,4.840742413793106E-9,7.722772206896553E-7,6.845218965517242E-7,0.0,2.6102561379310354E-9,0.0,3.4249768965517244E-8,3.4263455172413805E-8,4.11972413793111E-9,0.0,0.0,0.0,0.0,2.7523793103446787E-9,0.0,7.161244137931037E-9,1.483126206896552E-8,0.0,2.559339310344827E-7,7.052585862068968E-7,0.0,-1.8752793103448293E-11,-1.7102034482758667E-11,0.0,3.120052413793103E-8,1.5499827586206872E-7,0.0,2.2757482758620687E-7,6.681388620689658E-5,3.296643862068965E-7,3.306632965517241E-7,5.460240103448275E-6,0.0,0.0,0.0,2.929694137931032E-5,2.9995041379310348E-5,0.0,3.4299262068965534E-8,1.1026528965517247E-6,
BUSDUSDT,2.8079321839080455E-5,2.918652873563227E-5,5.615402298850114E-7,0.19981642183907766,0.20152284597700862,2.6165517241379316E-7,4.108425287356257E-9,4.096172413793041E-9,0.0,0.0,0.0,3.631034482758566E-8,1.5571482758620252E-6,1.9404632183907652E-7,0.0,0.0,-8.231034482758374E-9,-1.0254137931034581E-7,0.0,0.0,2.440086206896378E-6,-2.9528735632183656E-7,1.84822988505741E-7,-3.871137931034546E-4,4.120322988505702E-6,0.0,1.6139655172413196E-9,0.0,0.0,0.0,5.95586206896552E-8,4.300408045976932E-8,0.0,9.444827586206957E-8,0.0,3.954766666666511E-6,-2.718885057471362E-6,-2.4240114942530125E-6,9.218699999999866E-5,0.0016348218390804285,0.0016699528735631868,7.894137931034605E-7,2.849126436781513E-7,0.0,0.0,0.0,0.0,9.919885057471135E-8,2.2035862068965548E-5,6.166448275861877E-8,0.0,0.0,6.641264367816037E-8,9.58320689655191E-6,0.0,5.201425287356348E-7,2.5901310344827048E-5,0.0,1.3935413793103246E-8,2.601068965517082E-6,0.0,2.8943448275860705E-8,3.4078045977010695E-6,1.5166321839079647E-8,0.0,0.0,0.0,-5.464482758620548E-6,3.512183908045919E-8,0.0,0.0,0.0,1.719716091953961E-5,1.7708425287355612E-5,0.0,0.0,8.715712643678072E-6,1.6891494252872894E-4,1.740218390804525E-4,-1.9734137931032144E-7,0.0,0.0,3.535793103448162E-7,2.5080459770097476E-10,0.0,3.4503448275861427E-9,8.006896551723491E-9,0.0,-1.4167816091948042E-7,7.1759195402297496E-6,0.0,0.0,2.417542528735552E-4,2.416155172413712E-4,-1.2565517241377971E-8,0.0,1.6422298850574418E-6,0.0,-5.465218390804514E-6,0.0,1.903664367816076E-5,5.054482758620522E-8,6.866436781609023E-7,5.3733333333331274E-6,0.0,0.0,0.0,1.8910344827585828E-7,2.537126436781268E-8,0.0,0.0,1.0970344827585783E-5,0.0,1.3713172413792688E-6,0.0,0.0,5.585827586206626E-6,0.0,0.0,0.0,1.9895172413792444E-7,0.0,0.0,0.0,0.0,0.0,0.0,0.0,0.0,0.0,-9.319999999999656E-8,0.0,1.030770114942468E-6,0.0,0.0,0.0,-3.745172413794274E-9,3.492218390804522E-8,6.439464367815933E-6,5.840287356321593E-6,0.0,4.656988505747558E-9,0.0,1.8940574712643256E-7,1.9223218390804174E-7,2.0554022988505476E-7,0.0,0.0,0.0,0.0,2.0700000000000091E-7,0.0,4.2738850574711E-8,7.192643678160522E-8,0.0,1.2852183908045354E-6,1.8079310344817066E-7,0.0,-8.532298850574477E-10,-8.44356321839058E-10,0.0,-7.209402298850685E-7,-1.6772413793103407E-6,0.0,1.4811494252873038E-6,3.880195402298609E-4,1.5610482758620664E-6,1.581501149425278E-6,2.901635632183769E-5,0.0,0.0,0.0,-1.1195057471264036E-4,-1.0167586206896167E-4,0.0,3.4347816091953886E-7,1.815510344827532E-5,
BZRXUSDT,0.0,0.0,0.0,0.0,0.0,0.0,0.0,0.0,0.0,0.0,0.0,0.0,0.0,0.0,0.0,0.0,0.0,0.0,0.0,0.0,0.0,0.0,0.0,0.0,0.0,0.0,0.0,0.0,0.0,0.0,0.0,0.0,0.0,0.0,0.0,0.0,0.0,0.0,0.0,0.0,0.0,0.0,0.0,0.0,0.0,0.0,0.0,0.0,0.0,0.0,0.0,0.0,0.0,0.0,0.0,0.0,0.0,0.0,0.0,0.0,0.0,0.0,0.0,0.0,0.0,0.0,0.0,0.0,0.0,0.0,0.0,0.0,0.0,0.0,0.0,0.0,0.0,0.0,0.0,0.0,0.0,0.0,0.0,0.0,0.0,0.0,0.0,0.0,0.0,0.0,0.0,0.0,0.0,0.0,0.0,0.0,0.0,0.0,0.0,0.0,0.0,0.0,0.0,0.0,0.0,0.0,0.0,0.0,0.0,0.0,0.0,0.0,0.0,0.0,0.0,0.0,0.0,0.0,0.0,0.0,0.0,0.0,0.0,0.0,0.0,0.0,0.0,0.0,0.0,0.0,0.0,0.0,0.0,0.0,0.0,0.0,0.0,0.0,0.0,0.0,0.0,0.0,0.0,0.0,0.0,0.0,0.0,0.0,0.0,0.0,0.0,0.0,0.0,0.0,0.0,0.0,0.0,0.0,0.0,0.0,0.0,0.0,0.0,0.0,0.0,0.0,0.0,0.0,0.0,0.0,0.0,0.0,0.0,0.0,0.0,0.0,0.0,
CELOUSDT,0.0,0.0,0.0,0.0,0.0,0.0,0.0,0.0,0.0,0.0,0.0,0.0,0.0,0.0,0.0,0.0,0.0,0.0,0.0,0.0,0.0,0.0,0.0,0.0,0.0,0.0,0.0,0.0,0.0,0.0,0.0,0.0,0.0,0.0,0.0,0.0,0.0,0.0,0.0,0.0,0.0,0.0,0.0,0.0,0.0,0.0,0.0,0.0,0.0,0.0,0.0,0.0,0.0,0.0,0.0,0.0,0.0,0.0,0.0,0.0,0.0,0.0,0.0,0.0,0.0,0.0,0.0,0.0,0.0,0.0,0.0,0.0,0.0,0.0,0.0,0.0,0.0,0.0,0.0,0.0,0.0,0.0,0.0,0.0,0.0,0.0,0.0,0.0,0.0,0.0,0.0,0.0,0.0,0.0,0.0,0.0,0.0,0.0,0.0,0.0,0.0,0.0,0.0,0.0,0.0,0.0,0.0,0.0,0.0,0.0,0.0,0.0,0.0,0.0,0.0,0.0,0.0,0.0,0.0,0.0,0.0,0.0,0.0,0.0,0.0,0.0,0.0,0.0,0.0,0.0,0.0,0.0,0.0,0.0,0.0,0.0,0.0,0.0,0.0,0.0,0.0,0.0,0.0,0.0,0.0,0.0,0.0,0.0,0.0,0.0,0.0,0.0,0.0,0.0,0.0,0.0,0.0,0.0,0.0,0.0,0.0,0.0,0.0,0.0,0.0,0.0,0.0,0.0,0.0,0.0,0.0,0.0,0.0,0.0,0.0,0.0,0.0,
CELRUSDT,1.0611131034482753E-4,1.0564868965517244E-4,1.4236206896551726E-6,0.17480178275862077,0.17494790344827582,2.4346206896551726E-7,4.413448275862072E-9,4.428758620689655E-9,3.631034482758566E-8,0.0,0.0,0.0,7.456137931034482E-7,1.9605758620689656E-7,0.0,0.0,2.6017241379310358E-8,1.1221724137931036E-7,0.0,0.0,2.642389655172414E-6,-1.0137931034482542E-8,2.0572413793103455E-7,2.664413793103447E-4,2.474917241379311E-6,0.0,2.051034482758621E-9,0.0,0.0,0.0,5.453068965517242E-8,4.3038689655172424E-8,0.0,2.715862068965519E-7,0.0,3.870568965517242E-6,1.3941034482758628E-5,1.3868724137931039E-5,1.1055503448275861E-4,0.0027302827586206907,0.002734089655172415,2.8717241379310306E-7,3.7959999999999993E-7,0.0,0.0,0.0,0.0,1.2365862068965519E-7,3.24251724137931E-5,4.656068965517242E-8,0.0,0.0,5.187241379310344E-8,1.1981827586206895E-5,0.0,4.837068965517243E-7,2.6514965517241374E-5,0.0,1.2378517241379311E-8,4.015655172413794E-6,0.0,4.1498275862068984E-8,3.0360689655172415E-6,2.438551724137931E-8,0.0,0.0,0.0,1.920965517241378E-6,2.7524482758620694E-8,0.0,0.0,0.0,2.3891413793103456E-5,2.412224137931035E-5,0.0,0.0,1.356189655172414E-5,3.712862068965518E-4,3.69596551724138E-4,1.2915862068965518E-7,0.0,0.0,4.3372758620689657E-7,9.057241379310344E-9,0.0,4.7858620689655165E-9,2.4427586206896565E-8,0.0,1.8280344827586197E-6,8.075620689655173E-6,0.0,0.0,1.8073827586206903E-4,1.8228655172413798E-4,2.9679310344827536E-8,0.0,2.1528965517241383E-6,0.0,-1.984103448275862E-6,0.0,1.679331034482759E-5,3.898275862068967E-8,7.383793103448277E-7,6.634034482758623E-6,0.0,0.0,0.0,2.8999999999998155E-8,1.1477586206896551E-7,0.0,0.0,1.667E-5,0.0,1.1783172413793102E-6,0.0,0.0,3.949517241379311E-6,0.0,0.0,0.0,3.284413793103448E-7,0.0,0.0,0.0,0.0,0.0,0.0,0.0,0.0,0.0,-2.3948275862068982E-8,0.0,1.4370344827586212E-6,0.0,0.0,0.0,1.3357241379310341E-8,3.3930689655172426E-8,5.445168965517242E-6,4.7502413793103445E-6,0.0,1.987379310344828E-8,0.0,2.286103448275863E-7,2.2877931034482772E-7,3.0551724137930745E-8,0.0,0.0,0.0,0.0,2.3965517241379746E-8,0.0,5.732206896551725E-8,1.1589310344827593E-7,0.0,2.1691034482758616E-6,5.467275862068968E-6,0.0,-2.1755172413793105E-10,-1.949655172413795E-10,0.0,3.853551724137935E-7,1.1331724137931032E-6,0.0,1.631344827586207E-6,5.916655172413794E-4,1.999837931034483E-6,2.0146275862068968E-6,4.608844827586207E-5,0.0,0.0,0.0,2.5414482758620685E-4,2.601068965517242E-4,0.0,2.807068965517241E-7,8.39958620689655E-6,
CHRUSDT,3.9327093103445924E-5,6.401071034482512E-5,-3.1077310344827394E-6,6.310209582413792,6.320307004137932,4.046348275862067E-6,1.0331941724137934E-7,1.0196454827586213E-7,1.5571482758620252E-6,0.0,0.0,7.456137931034482E-7,0.0,8.907627620689653E-6,0.0,0.0,-3.2721965517241346E-7,-7.928957586206895E-6,0.0,0.0,1.3589398275862075E-5,-1.5777344827586205E-5,3.858404137931033E-6,-0.016523311379310342,7.765907137931035E-5,0.0,9.559712068965517E-8,0.0,0.0,0.0,9.285179310344827E-7,1.3276066724137932E-6,0.0,-7.189344827586221E-7,0.0,1.0488624103448278E-4,-4.3244827931034427E-4,-4.3483297586206885E-4,0.0020351014586206897,0.04036856379310343,0.04095931137931033,9.108379310345029E-7,2.5008786206896568E-6,0.0,0.0,0.0,0.0,1.374662413793103E-6,3.148591034482762E-4,1.9604364482758617E-6,0.0,0.0,7.851424137931035E-7,4.3407097586206894E-4,0.0,8.257440689655169E-6,6.344730965517243E-4,0.0,5.634913689655173E-7,6.288231379310347E-5,0.0,3.5274089655172453E-7,9.45194931034483E-5,5.465244482758623E-7,0.0,0.0,0.0,-2.760217931034483E-4,9.964758620689652E-7,0.0,0.0,0.0,5.741148999999999E-4,5.702916931034479E-4,0.0,0.0,1.1862123793103452E-4,0.0014395455172413827,0.0012779424137931018,-1.294080655172414E-5,0.0,0.0,1.1911906206896552E-5,-5.8156413793103316E-8,0.0,2.9284344827586166E-8,-1.006924137931033E-7,0.0,-1.3418593103448237E-5,2.491643275862068E-4,0.0,0.0,0.00848224151724138,0.00845635120689655,-2.136180689655172E-6,0.0,2.3077165517241365E-5,0.0,-2.349588551724138E-4,0.0,4.167992620689655E-4,1.338916551724138E-6,1.333919310344827E-5,1.1028868965517242E-4,0.0,0.0,0.0,2.161289655172465E-6,-1.7015686206896547E-6,0.0,0.0,2.5992324137931054E-4,0.0,4.236480758620688E-5,0.0,0.0,1.239087551724138E-4,0.0,0.0,0.0,6.179453793103446E-6,0.0,0.0,0.0,0.0,0.0,0.0,0.0,0.0,0.0,-3.4131441379310344E-6,0.0,1.1559858620689665E-5,0.0,0.0,0.0,-1.2465779655172416E-6,1.0069679655172415E-6,2.186672751724138E-4,2.249885689655173E-4,0.0,4.061603310344823E-7,0.0,4.067917586206894E-6,4.0696979310344814E-6,2.147841379310398E-6,0.0,0.0,0.0,0.0,1.6463896551724363E-6,0.0,1.213268137931035E-6,1.4051075862068955E-6,0.0,1.587761379310344E-5,-1.0723093103448195E-5,0.0,-3.6909817241379305E-8,-3.6282941379310346E-8,0.0,-1.792940896551726E-5,-4.349465517241383E-5,0.0,3.1733337931034476E-5,0.012895361724137926,2.4729597931034502E-5,2.45632731034483E-5,3.7906100344827577E-4,0.0,0.0,0.0,-6.9828931034483E-4,-7.530089655172418E-4,0.0,1.0663473103448274E-5,7.226269931034482E-4,
CHZUSDT,3.8304603643678133E-4,3.84669796091954E-4,2.1737583908046007E-6,1.2068293361954021,1.2078553217471262,1.3806793103448278E-6,2.8514204712643684E-8,2.8369807931034485E-8,1.9404632183907652E-7,0.0,0.0,1.9605758620689656E-7,8.907627620689653E-6,0.0,0.0,0.0,6.918037931034486E-8,-6.601941034482755E-7,0.0,0.0,7.3144674137931035E-6,-1.1527712643678155E-6,1.0453647356321837E-6,-0.0011865555517241381,1.6812433528735634E-5,0.0,1.728720517241379E-8,0.0,0.0,0.0,2.639171379310345E-7,2.6248984540229886E-7,0.0,9.06890689655173E-7,0.0,2.0054125505747137E-5,4.533324022988567E-6,3.5729214942529223E-6,6.463716037931035E-4,0.012284086264367815,0.012337791298850572,1.3127865517241303E-6,1.28472308045977E-6,0.0,0.0,0.0,0.0,4.895862183908046E-7,1.55573751724138E-4,3.112915137931035E-7,0.0,0.0,2.087811839080459E-7,6.827418310344827E-5,0.0,2.9771159540229884E-6,1.6650694689655175E-4,0.0,1.0962660310344825E-7,1.494139551724138E-5,0.0,1.6551793793103458E-7,1.739285436781609E-5,1.2190892988505746E-7,0.0,0.0,0.0,-2.335726551724138E-5,2.2023029885057466E-7,0.0,0.0,0.0,9.602306908045976E-5,9.68730081609195E-5,0.0,0.0,6.696916770114942E-5,0.0014114255402298856,0.0013844716436781602,-8.356811379310346E-7,0.0,0.0,2.5208936551724134E-6,2.997925747126437E-8,0.0,2.078276551724137E-8,7.758151724137934E-8,0.0,2.5420147126436743E-6,4.7573333908045975E-5,0.0,0.0,0.001282074188505747,0.001290883224137931,-1.0278648275862073E-7,0.0,9.406251494252869E-6,0.0,-2.9452294022988508E-5,0.0,8.561521218390803E-5,1.9030468965517243E-7,3.2467639080459777E-6,2.7382897701149432E-5,0.0,0.0,0.0,2.5091655172413345E-7,1.3614414942528758E-7,0.0,0.0,7.600495862068968E-5,0.0,7.108200827586206E-6,0.0,0.0,1.813400103448275E-5,0.0,0.0,0.0,1.8888073103448276E-6,0.0,0.0,0.0,0.0,0.0,0.0,0.0,0.0,0.0,-2.8372227586206905E-7,0.0,4.2502033333333326E-6,0.0,0.0,0.0,-7.844567931034485E-8,2.135675643678161E-7,4.037709342528736E-5,3.387832126436782E-5,0.0,1.1785823632183907E-7,0.0,1.2209262183908041E-6,1.2215663678160916E-6,2.492245977011546E-7,0.0,0.0,0.0,0.0,1.6447965517241183E-7,0.0,2.7212653563218407E-7,5.196243908045979E-7,0.0,7.354952643678159E-6,1.7819100344827604E-5,0.0,-3.856093908045976E-9,-3.7621750574712645E-9,0.0,-1.1749798390804611E-6,3.1243103448275086E-7,0.0,8.51788540229885E-6,0.0024724371149425295,1.026368648275862E-5,1.03435351954023E-5,1.5676861505747124E-4,0.0,0.0,0.0,4.742480574712634E-4,4.798568275862069E-4,0.0,2.0169943908045976E-6,8.050546413793103E-5,
CKBUSDT,0.0,0.0,0.0,0.0,0.0,0.0,0.0,0.0,0.0,0.0,0.0,0.0,0.0,0.0,0.0,0.0,0.0,0.0,0.0,0.0,0.0,0.0,0.0,0.0,0.0,0.0,0.0,0.0,0.0,0.0,0.0,0.0,0.0,0.0,0.0,0.0,0.0,0.0,0.0,0.0,0.0,0.0,0.0,0.0,0.0,0.0,0.0,0.0,0.0,0.0,0.0,0.0,0.0,0.0,0.0,0.0,0.0,0.0,0.0,0.0,0.0,0.0,0.0,0.0,0.0,0.0,0.0,0.0,0.0,0.0,0.0,0.0,0.0,0.0,0.0,0.0,0.0,0.0,0.0,0.0,0.0,0.0,0.0,0.0,0.0,0.0,0.0,0.0,0.0,0.0,0.0,0.0,0.0,0.0,0.0,0.0,0.0,0.0,0.0,0.0,0.0,0.0,0.0,0.0,0.0,0.0,0.0,0.0,0.0,0.0,0.0,0.0,0.0,0.0,0.0,0.0,0.0,0.0,0.0,0.0,0.0,0.0,0.0,0.0,0.0,0.0,0.0,0.0,0.0,0.0,0.0,0.0,0.0,0.0,0.0,0.0,0.0,0.0,0.0,0.0,0.0,0.0,0.0,0.0,0.0,0.0,0.0,0.0,0.0,0.0,0.0,0.0,0.0,0.0,0.0,0.0,0.0,0.0,0.0,0.0,0.0,0.0,0.0,0.0,0.0,0.0,0.0,0.0,0.0,0.0,0.0,0.0,0.0,0.0,0.0,0.0,0.0,
COMPUSDT,0.0,0.0,0.0,0.0,0.0,0.0,0.0,0.0,0.0,0.0,0.0,0.0,0.0,0.0,0.0,0.0,0.0,0.0,0.0,0.0,0.0,0.0,0.0,0.0,0.0,0.0,0.0,0.0,0.0,0.0,0.0,0.0,0.0,0.0,0.0,0.0,0.0,0.0,0.0,0.0,0.0,0.0,0.0,0.0,0.0,0.0,0.0,0.0,0.0,0.0,0.0,0.0,0.0,0.0,0.0,0.0,0.0,0.0,0.0,0.0,0.0,0.0,0.0,0.0,0.0,0.0,0.0,0.0,0.0,0.0,0.0,0.0,0.0,0.0,0.0,0.0,0.0,0.0,0.0,0.0,0.0,0.0,0.0,0.0,0.0,0.0,0.0,0.0,0.0,0.0,0.0,0.0,0.0,0.0,0.0,0.0,0.0,0.0,0.0,0.0,0.0,0.0,0.0,0.0,0.0,0.0,0.0,0.0,0.0,0.0,0.0,0.0,0.0,0.0,0.0,0.0,0.0,0.0,0.0,0.0,0.0,0.0,0.0,0.0,0.0,0.0,0.0,0.0,0.0,0.0,0.0,0.0,0.0,0.0,0.0,0.0,0.0,0.0,0.0,0.0,0.0,0.0,0.0,0.0,0.0,0.0,0.0,0.0,0.0,0.0,0.0,0.0,0.0,0.0,0.0,0.0,0.0,0.0,0.0,0.0,0.0,0.0,0.0,0.0,0.0,0.0,0.0,0.0,0.0,0.0,0.0,0.0,0.0,0.0,0.0,0.0,0.0,
COSUSDT,1.5251119655172412E-4,1.5133122758620692E-4,1.594234482758621E-6,0.09283208931034488,0.09265439034482757,2.191827586206897E-7,2.973417241379311E-9,2.986720689655172E-9,-8.231034482758374E-9,0.0,0.0,2.6017241379310358E-8,-3.2721965517241346E-7,6.918037931034486E-8,0.0,0.0,0.0,2.2356655172413793E-7,0.0,0.0,1.3753982758620686E-6,5.849310344827587E-7,2.056179310344828E-7,6.827920689655169E-4,1.2442610344827592E-6,0.0,9.660862068965515E-10,0.0,0.0,0.0,5.050965517241381E-8,2.4658327586206892E-8,0.0,3.0165172413793107E-7,0.0,1.6221134482758625E-6,2.7238134482758614E-5,2.729716206896551E-5,9.012349310344826E-5,0.002540477586206898,0.0025368493103448283,5.443551724137947E-7,3.0077172413793097E-7,0.0,0.0,0.0,0.0,9.814517241379312E-8,3.336599999999999E-5,1.744300000000001E-8,0.0,0.0,4.9259655172413786E-8,2.451596551724141E-6,0.0,4.6391310344827594E-7,1.6262234482758627E-5,0.0,3.065368965517245E-9,3.413451724137932E-6,0.0,4.171262068965519E-8,1.7192517241379315E-6,2.0169965517241377E-8,0.0,0.0,0.0,7.125275862068962E-6,1.3632758620689661E-8,0.0,0.0,0.0,2.0996589655172407E-5,2.0984313793103454E-5,0.0,0.0,1.392099655172414E-5,4.441248275862072E-4,4.491596551724137E-4,4.6441758620689643E-7,0.0,0.0,2.4029586206896555E-7,1.2132896551724135E-8,0.0,5.797448275862068E-9,3.3645517241379314E-8,0.0,1.7550275862068948E-6,5.42353448275862E-6,0.0,0.0,7.483013793103454E-5,7.53381034482759E-5,6.870551724137927E-8,0.0,2.212510344827586E-6,0.0,2.272731034482757E-6,0.0,1.0973641379310344E-5,1.4971724137931035E-8,4.969862068965518E-7,5.22241379310345E-6,0.0,0.0,0.0,-1.4675862068967281E-8,1.40741724137931E-7,0.0,0.0,1.6434275862068966E-5,0.0,5.156248275862073E-7,0.0,0.0,2.3970310344827586E-6,0.0,0.0,0.0,2.4478137931034485E-7,0.0,0.0,0.0,0.0,0.0,0.0,0.0,0.0,0.0,6.945586206896546E-8,0.0,1.2642034482758618E-6,0.0,0.0,0.0,3.780099999999998E-8,2.249106896551724E-8,1.889061379310345E-6,2.245086206896552E-6,0.0,2.1412779310344832E-8,0.0,1.8430379310344837E-7,1.841255172413794E-7,-1.6986206896554375E-8,0.0,0.0,0.0,0.0,-1.3265517241381562E-8,0.0,4.465848275862069E-8,9.232137931034489E-8,0.0,2.0198206896551733E-6,8.352424137931032E-6,0.0,4.580103448275858E-10,4.837827586206889E-10,0.0,1.2184186206896562E-6,2.494655172413792E-6,0.0,1.0749517241379314E-6,4.7217896551724137E-4,1.9973668965517237E-6,2.0144800000000007E-6,3.661948620689655E-5,0.0,0.0,0.0,3.8238655172413786E-4,3.8189448275862076E-4,0.0,8.098689655172419E-8,-1.5557310344827551E-6,
COTIUSDT,8.351951620689659E-4,8.227437448275866E-4,1.4032027586206898E-5,-0.0018089072413788512,-0.0033743096551723884,8.427655172413799E-7,6.401624137931039E-9,6.707686206896553E-9,-1.0254137931034581E-7,0.0,0.0,1.1221724137931036E-7,-7.928957586206895E-6,-6.601941034482755E-7,0.0,0.0,2.2356655172413793E-7,0.0,0.0,0.0,1.974360862068966E-5,3.6228275862068986E-6,9.546972413793104E-7,0.006649692068965515,1.4951506896551805E-6,0.0,-5.6590172413793066E-9,0.0,0.0,0.0,2.264465517241382E-7,7.517018965517252E-8,0.0,1.864134482758621E-6,0.0,8.348496206896555E-6,2.0304292758620683E-4,2.0273588620689658E-4,3.724297344827587E-4,0.014306074137931042,0.014213742413793121,2.1941482758620646E-6,2.3628579310344842E-6,0.0,0.0,0.0,0.0,5.161072413793105E-7,1.603170344827586E-4,-6.98901034482758E-8,0.0,0.0,2.1732172413793113E-7,-5.265819655172415E-5,0.0,1.1816924137931046E-6,7.134723448275866E-5,0.0,-4.4834458620689634E-8,2.620314137931035E-5,0.0,2.5262779310344834E-7,3.628734482758624E-6,7.13530689655172E-8,0.0,0.0,0.0,7.142189655172414E-5,-3.753103448275856E-8,0.0,0.0,0.0,1.3124096896551725E-4,1.3242934827586216E-4,0.0,0.0,7.540141034482762E-5,0.002716383448275864,0.002742401034482761,3.6567520689655185E-6,0.0,0.0,4.6084413793103544E-7,7.94473793103448E-8,0.0,3.082400000000002E-8,2.0485931034482757E-7,0.0,2.2666855172413785E-5,9.60722413793105E-6,0.0,0.0,-7.802193103448236E-5,-7.856844827586143E-5,6.813399999999993E-7,0.0,1.0936855172413801E-5,0.0,3.314217931034482E-5,0.0,2.8665055172413832E-5,4.7323448275862124E-8,3.7146068965517247E-6,3.6844724137931044E-5,0.0,0.0,0.0,-2.707448275862248E-7,1.3159175862068965E-6,0.0,0.0,8.578600000000001E-5,0.0,1.0029110344827594E-6,0.0,0.0,1.1510824137931037E-5,0.0,0.0,0.0,1.1023503448275869E-6,0.0,0.0,0.0,0.0,0.0,0.0,0.0,0.0,0.0,4.5051103448275867E-7,0.0,9.4431E-6,0.0,0.0,0.0,3.4204651724137923E-7,3.6313827586206996E-8,-6.686404137931028E-6,1.2378103448275868E-6,0.0,4.802884827586218E-8,0.0,8.867382758620698E-7,8.839737931034491E-7,-2.3160689655174322E-7,0.0,0.0,0.0,0.0,-2.1630000000000373E-7,0.0,2.4584503448275857E-7,5.904075862068969E-7,0.0,1.434051034482759E-5,4.298059655172412E-5,0.0,5.8237689655172405E-9,5.8845758620689645E-9,0.0,8.508042758620692E-6,1.9913724137931033E-5,0.0,6.106296551724143E-6,0.0027068168965517243,1.0187673793103452E-5,1.0170380000000002E-5,3.252068655172415E-4,0.0,0.0,0.0,0.0032340624137931037,0.0033111220689655183,0.0,-6.740165517241376E-7,-4.9610489655172414E-5,
CRVUSDT,0.0,0.0,0.0,0.0,0.0,0.0,0.0,0.0,0.0,0.0,0.0,0.0,0.0,0.0,0.0,0.0,0.0,0.0,0.0,0.0,0.0,0.0,0.0,0.0,0.0,0.0,0.0,0.0,0.0,0.0,0.0,0.0,0.0,0.0,0.0,0.0,0.0,0.0,0.0,0.0,0.0,0.0,0.0,0.0,0.0,0.0,0.0,0.0,0.0,0.0,0.0,0.0,0.0,0.0,0.0,0.0,0.0,0.0,0.0,0.0,0.0,0.0,0.0,0.0,0.0,0.0,0.0,0.0,0.0,0.0,0.0,0.0,0.0,0.0,0.0,0.0,0.0,0.0,0.0,0.0,0.0,0.0,0.0,0.0,0.0,0.0,0.0,0.0,0.0,0.0,0.0,0.0,0.0,0.0,0.0,0.0,0.0,0.0,0.0,0.0,0.0,0.0,0.0,0.0,0.0,0.0,0.0,0.0,0.0,0.0,0.0,0.0,0.0,0.0,0.0,0.0,0.0,0.0,0.0,0.0,0.0,0.0,0.0,0.0,0.0,0.0,0.0,0.0,0.0,0.0,0.0,0.0,0.0,0.0,0.0,0.0,0.0,0.0,0.0,0.0,0.0,0.0,0.0,0.0,0.0,0.0,0.0,0.0,0.0,0.0,0.0,0.0,0.0,0.0,0.0,0.0,0.0,0.0,0.0,0.0,0.0,0.0,0.0,0.0,0.0,0.0,0.0,0.0,0.0,0.0,0.0,0.0,0.0,0.0,0.0,0.0,0.0,
CTKUSDT,0.0,0.0,0.0,0.0,0.0,0.0,0.0,0.0,0.0,0.0,0.0,0.0,0.0,0.0,0.0,0.0,0.0,0.0,0.0,0.0,0.0,0.0,0.0,0.0,0.0,0.0,0.0,0.0,0.0,0.0,0.0,0.0,0.0,0.0,0.0,0.0,0.0,0.0,0.0,0.0,0.0,0.0,0.0,0.0,0.0,0.0,0.0,0.0,0.0,0.0,0.0,0.0,0.0,0.0,0.0,0.0,0.0,0.0,0.0,0.0,0.0,0.0,0.0,0.0,0.0,0.0,0.0,0.0,0.0,0.0,0.0,0.0,0.0,0.0,0.0,0.0,0.0,0.0,0.0,0.0,0.0,0.0,0.0,0.0,0.0,0.0,0.0,0.0,0.0,0.0,0.0,0.0,0.0,0.0,0.0,0.0,0.0,0.0,0.0,0.0,0.0,0.0,0.0,0.0,0.0,0.0,0.0,0.0,0.0,0.0,0.0,0.0,0.0,0.0,0.0,0.0,0.0,0.0,0.0,0.0,0.0,0.0,0.0,0.0,0.0,0.0,0.0,0.0,0.0,0.0,0.0,0.0,0.0,0.0,0.0,0.0,0.0,0.0,0.0,0.0,0.0,0.0,0.0,0.0,0.0,0.0,0.0,0.0,0.0,0.0,0.0,0.0,0.0,0.0,0.0,0.0,0.0,0.0,0.0,0.0,0.0,0.0,0.0,0.0,0.0,0.0,0.0,0.0,0.0,0.0,0.0,0.0,0.0,0.0,0.0,0.0,0.0,
