 ,BNBUSDC,BNBUSDT,BNTUSDT,BTCUSDC,BTCUSDT,BTSUSDT,BTTUSDC,BTTUSDT,BUSDUSDT,BZRXUSDT,CELOUSDT,CELRUSDT,CHRUSDT,CHZUSDT,CKBUSDT,COMPUSDT,COSUSDT,COTIUSDT,CRVUSDT,CTKUSDT,CTSIUSDT,CTXCUSDT,CVCUSDT,DASHUSDT,DATAUSDT,DCRUSDT,DENTUSDT,DGBUSDT,DIAUSDT,DNTUSDT,DOCKUSDT,DOGEUSDT,DOTUSDT,DUSKUSDT,EGLDUSDT,ENJUSDT,EOSUSDC,EOSUSDT,ETCUSDT,ETHUSDC,ETHUSDT,EURUSDT,FETUSDT,FILUSDT,FIOUSDT,FIROUSDT,FLMUSDT,FTMUSDT,FTTUSDT,FUNUSDT,GBPUSDT,GRTUSDT,GTOUSDT,GXSUSDT,HARDUSDT,HBARUSDT,HIVEUSDT,HNTUSDT,HOTUSDT,ICXUSDT,INJUSDT,IOSTUSDT,IOTAUSDT,IOTXUSDT,IRISUSDT,JSTUSDT,JUVUSDT,KAVAUSDT,KEYUSDT,KMDUSDT,KNCUSDT,KSMUSDT,LINKUSDC,LINKUSDT,LITUSDT,LRCUSDT,LSKUSDT,LTCUSDC,LTCUSDT,LTOUSDT,LUNAUSDT,MANAUSDT,MATICUSDT,MBLUSDT,MDTUSDT,MFTUSDT,MITHUSDT,MKRUSDT,MTLUSDT,NANOUSDT,NBSUSDT,NEARUSDT,NEOUSDC,NEOUSDT,NKNUSDT,NMRUSDT,NULSUSDT,OCEANUSDT,OGNUSDT,OGUSDT,OMGUSDT,ONEUSDT,ONGUSDT,ONTUSDT,ORNUSDT,OXTUSDT,PAXGUSDT,PAXUSDT,PERLUSDT,PNTUSDT,PSGUSDT,QTUMUSDT,REEFUSDT,RENUSDT,REPUSDT,RIFUSDT,RLCUSDT,ROSEUSDT,RSRUSDT,RUNEUSDT,RVNUSDT,SANDUSDT,SCUSDT,SFPUSDT,SKLUSDT,SNXUSDT,SOLUSDT,SRMUSDT,STMXUSDT,STORJUSDT,STPTUSDT,STRAXUSDT,STXUSDT,SUSDUSDT,SUSHIUSDT,SXPUSDT,TCTUSDT,TFUELUSDT,THETAUSDT,TOMOUSDT,TRBUSDT,TROYUSDT,TRUUSDT,TRXUSDC,TRXUSDT,TUSDUSDT,TWTUSDT,UMAUSDT,UNFIUSDT,UNIUSDT,USDCUSDT,UTKUSDT,VETUSDT,VITEUSDT,VTHOUSDT,WANUSDT,WAVESUSDT,WINGUSDT,WINUSDC,WINUSDT,WNXMUSDT,WRXUSDT,WTCUSDT,XEMUSDT,XLMUSDT,XMRUSDT,XRPUSDC,XRPUSDT,XTZUSDT,XVSUSDT,YFIIUSDT,YFIUSDT,ZECUSDC,ZECUSDT,ZENUSDT,ZILUSDT,ZRXUSDT,
BNBUSDC,0.0,0.48388999447126446,0.08106032740229885,234.0255434908047,232.41193430574705,9.663179632183904E-4,9.759910908045974E-6,9.769277839080462E-6,-6.081682758619775E-5,0.0,0.0,1.3660861609195404E-4,9.823726103448276E-4,5.403313944827586E-4,0.0,0.0,5.110982321839078E-4,5.104837344827585E-4,0.0,0.0,9.866015425287358E-4,0.005958441620689656,0.0011193632942528733,1.7435519287356327,-0.0025895880931034493,0.0,1.2360926643678163E-5,0.0,0.0,0.0,4.656845101149427E-4,3.5924824298850575E-5,0.0,0.0016494384597701146,0.0,0.008878305983908047,0.06478867539080459,0.06447322224137932,0.2074712547816092,11.342443606896556,11.334543503448277,0.009187801712643684,9.7769631954023E-4,0.0,0.0,0.0,0.0,2.8628307356321837E-4,0.06308241977011493,1.5005419781609195E-4,0.0,0.0,3.3973038620689643E-4,0.05643085974712646,0.0,0.0019520629103448274,-0.009660230034482761,0.0,2.49731123908046E-5,0.016137149528735635,0.0,3.0174603563218387E-4,0.01014214428735632,3.8104851999999986E-4,0.0,0.0,0.0,0.08711949728735632,2.509109804597701E-5,0.0,0.0,0.0,0.13911046710344827,0.13968087255172415,0.0,0.0,0.03096618944827586,1.267582290804598,1.2687913310344823,0.0017792526931034475,0.0,0.0,0.0010130088057471263,8.661254390804595E-5,0.0,4.317207678160919E-5,2.3446695402298844E-4,0.0,0.007421680080459765,0.04571491013793103,0.0,0.0,0.46871208505747136,0.4678270194252875,9.313337057471265E-4,0.0,0.024350824666666677,0.0,0.009702998942528735,0.0,0.14387588903448273,1.6471058850574716E-4,0.005665433195402297,0.02675460862068965,0.0,0.0,0.0,-5.043714942528301E-5,0.0010452340873563222,0.0,0.0,0.07680027827586207,0.0,0.0024466805620689657,0.0,0.0,0.010490038505747132,0.0,0.0,0.0,4.191315080459767E-4,0.0,0.0,0.0,0.0,0.0,0.0,0.0,0.0,0.0,5.540445471264368E-4,0.0,0.009081396735632184,0.0,0.0,0.0,3.5772359183908057E-4,7.178119008045972E-4,0.014664335073563206,0.006229843275862068,0.0,2.1879867233333338E-4,0.0,5.234402333333328E-4,5.232225298850572E-4,-1.953016091953828E-5,0.0,0.0,0.0,0.0,-1.8706022988502784E-5,0.0,5.0412554954023E-4,4.107061551724138E-4,0.0,0.009785991022988508,0.027698663609195387,0.0,2.864199459770113E-6,2.91676740229885E-6,0.0,0.0013134523540229886,0.017300844689655172,0.0,0.0026392115275862085,1.5484176954022992,0.00291989012413793,0.002941422609195402,0.09997033689655174,0.0,0.0,0.0,2.508196819540231,2.497902182758621,0.0,0.0014333970402298855,-0.003794996264367817,
BNBUSDT,0.48388999447126446,0.0,0.08026917650574712,227.85112384252875,226.36944929195388,9.535074390804597E-4,9.548208977011491E-6,9.561844459770111E-6,-5.142351724137094E-5,0.0,0.0,1.370491540229886E-4,9.558965965517226E-4,5.292198262068965E-4,0.0,0.0,5.121975494252874E-4,5.120083689655177E-4,0.0,0.0,9.656893770114945E-4,0.005862956655172415,0.0011032107977011498,1.6927490597701154,-0.002555234458620689,0.0,1.2249963816091955E-5,0.0,0.0,0.0,4.614972921839083E-4,3.495601271264365E-5,0.0,0.001638362804597701,0.0,0.008860913349425289,0.06331886690804599,0.06304023637931035,0.2042970687816092,11.114948565517238,11.108891875862069,0.008986683229885058,9.689394160919542E-4,0.0,0.0,0.0,0.0,2.8645239770114955E-4,0.061161320459770095,1.5061456885057475E-4,0.0,0.0,3.372878896551724E-4,0.057215546919540256,0.0,0.001931598055172414,-0.009708502724137934,0.0,2.461955370114942E-5,0.015985072425287357,0.0,2.975696045977012E-4,0.009930143873563214,3.8417277310344845E-4,0.0,0.0,0.0,0.08618656018390805,2.450746287356322E-5,0.0,0.0,0.0,0.13612880599999994,0.13676592399999998,0.0,0.0,0.03043272365517242,1.2345271114942529,1.2361704275862062,0.001742172031034483,0.0,0.0,0.0010093225160919543,8.651113080459772E-5,0.0,4.254048643678161E-5,2.3266260919540234E-4,0.0,0.007316133942528735,0.045652944344827605,0.0,0.0,0.4568806160919541,0.455796462183908,9.178076160919541E-4,0.0,0.023985946597701147,0.0,0.00955255783908046,0.0,0.14424760993103458,1.6578904367816098E-4,0.0055920772643678176,0.026173213793103445,0.0,0.0,0.0,-4.2327563218387296E-5,0.0010355787977011496,0.0,0.0,0.07539113206896554,0.0,0.002471804162068967,0.0,0.0,0.010391486781609194,0.0,0.0,0.0,4.075224114942529E-4,0.0,0.0,0.0,0.0,0.0,0.0,0.0,0.0,0.0,5.426869816091953E-4,0.0,0.008993259011494252,0.0,0.0,0.0,3.505104656321839E-4,7.476809704597709E-4,0.015014760190804612,0.0060371846551724164,0.0,2.1766401260919543E-4,0.0,5.098115712643674E-4,5.09785136781609E-4,-1.2315126436780265E-5,0.0,0.0,0.0,0.0,-1.0703402298848181E-5,0.0,4.944128136781608E-4,4.0659318965517255E-4,0.0,0.009678857022988506,0.027189938574712632,0.0,2.8061087011494236E-6,2.8574434022988502E-6,0.0,0.0012854639333333346,0.01711342565517241,0.0,0.0025648062999999994,1.5137745574712638,0.0028165699793103434,0.0028399422298850566,0.09798572655172416,0.0,0.0,0.0,2.4622265022988503,2.452071093103447,0.0,0.0014175571436781612,-0.0038351062643678284,
BNTUSDT,0.08106032740229885,0.08026917650574712,0.0,19.87079351494254,19.98658022298848,2.7974074942528735E-4,1.9599801839080457E-6,1.987208252873563E-6,1.9973379310345486E-5,0.0,0.0,5.302074022988505E-5,2.4637688965517237E-4,1.2545808482758618E-4,0.0,0.0,2.4448223908045977E-4,2.040592827586207E-4,0.0,0.0,9.85478597701149E-5,0.0016905178620689654,3.4230993563218393E-4,0.1292791287356322,-9.29643751724138E-4,0.0,4.443737264367816E-6,0.0,0.0,0.0,1.6852342666666666E-4,3.7152034022988513E-6,0.0,5.943183218390805E-4,0.0,0.0037014175563218387,0.006462250183908046,0.006630043103448276,0.03894624671264367,2.426398117241379,2.4359798758620688,0.0023020271954022993,3.3440134712643677E-4,0.0,0.0,0.0,0.0,1.117578804597701E-4,0.002704582528735623,6.401716022988504E-5,0.0,0.0,1.0682995862068965E-4,0.022687180367816095,0.0,6.164139172413794E-4,-0.005664868413793103,0.0,6.962113701149423E-6,0.004953453287356321,0.0,9.491208390804599E-5,0.00233742232183908,1.9326665241379317E-4,0.0,0.0,0.0,0.030601153287356322,4.8546232183908034E-6,0.0,0.0,0.0,0.03229925393103447,0.03269928710344828,0.0,0.0,0.006629045724137932,0.14214209425287352,0.14513963448275863,4.632987034482758E-4,0.0,0.0,3.5410487816091947E-4,3.969679632183908E-5,0.0,1.4375055402298848E-5,9.184867816091954E-5,0.0,0.002037197908045976,0.015618705724137927,0.0,0.0,0.09015972298850575,0.09100061563218392,3.0459951264367823E-4,0.0,0.007212084183908046,0.0,0.002304413356321839,0.0,0.06087767958620689,6.992566436781607E-5,0.0023725972643678156,0.006621897931034482,0.0,0.0,0.0,1.9730367816091365E-5,3.767279011494253E-4,0.0,0.0,0.018409188965517242,0.0,0.0011200447999999996,0.0,0.0,0.003337520574712644,0.0,0.0,0.0,5.409192873563219E-5,0.0,0.0,0.0,0.0,0.0,0.0,0.0,0.0,0.0,1.2851639540229886E-4,0.0,0.0029891024597701148,0.0,0.0,0.0,1.091870983908046E-4,5.543348514942528E-4,0.008725295190804599,0.0012151193103448284,0.0,8.010352829885058E-5,0.0,6.764127816091948E-5,6.832980919540226E-5,2.4284528735631297E-5,0.0,0.0,0.0,0.0,3.109349425287362E-5,0.0,1.4067415678160915E-4,1.3594372413793104E-4,0.0,0.0030276185747126435,0.005856291678160917,0.0,6.801026666666663E-7,6.809965057471263E-7,0.0,2.579624850574714E-4,0.005963808758620689,0.0,3.825736275862069E-4,0.28900895402298843,-1.0536564137931059E-4,-1.0211877011494282E-4,0.020363509655172418,0.0,0.0,0.0,0.5417947609195403,0.5429006965517241,0.0,4.915578505747125E-4,-0.0017932757471264369,
BTCUSDC,234.0255434908047,227.85112384252875,19.87079351494254,0.0,169308.22623011496,0.2889004581609197,0.0043246353712643685,0.004325357671264369,-0.05933050344827006,0.0,0.0,0.036756581839080545,0.5091502203448269,0.2233020544137932,0.0,0.0,0.033290394712643855,0.0025349106896554396,0.0,0.0,0.4337457636781615,1.9198615137931045,0.2243738140229888,971.9105685057475,-0.7404792306896553,0.0,0.003092942777011499,0.0,0.0,0.0,0.1080536389195404,0.02221304072183907,0.0,0.35116710574712695,0.0,1.9041190071264396,40.10400837126438,39.653238879310365,93.84619905977013,5031.716617931036,5011.4342593103465,3.8823694977011485,0.29340577080459823,0.0,0.0,0.0,0.0,0.06884439402298863,45.79965809195404,0.02971689697701153,0.0,0.0,0.09314030827586216,22.200058811494287,0.0,0.5961525855172422,0.8200354931034446,0.0,0.00956316840919541,3.581561267816096,0.0,0.080662543678161,4.609601116091953,-0.010497444620689552,0.0,0.0,0.0,19.906695629885075,0.006731344264367814,0.0,0.0,0.0,52.38411342068964,52.26838995862068,0.0,0.0,10.907370268965519,696.6868254022991,695.7882731034481,0.5765662162068967,0.0,0.0,0.3192803939080465,8.835125747127028E-4,0.0,0.009647942597701156,0.027809680459770166,0.0,1.845355791954023,8.421684889655195,0.0,0.0,220.48182149425284,218.73529612643677,0.228005682528736,0.0,8.000918209195408,0.0,3.2281918229885096,0.0,10.602483289655213,0.03948335908045985,0.48527605287356546,9.790871034482759,0.0,0.0,0.0,-0.046336360919537356,0.2436741588505751,0.0,0.0,27.690877896551736,0.0,-0.043886689310344326,0.0,0.0,3.805818114942533,0.0,0.0,0.0,0.16858969816091948,0.0,0.0,0.0,0.0,0.0,0.0,0.0,0.0,0.0,0.18023098873563223,0.0,2.6562334505747143,0.0,0.0,0.0,0.09994062371264376,-0.4403430638045974,-4.103589902528726,2.206886672413793,0.0,0.05301813789770121,0.0,0.2847748242528734,0.28394839045977005,-0.03185299770114742,0.0,0.0,0.0,0.0,-0.037202963218389826,0.0,0.1756111711149426,0.0668828568965519,0.0,2.681737842528738,12.022089652873564,0.0,9.462960126436778E-4,9.918661356321844E-4,0.0,0.46524443977011615,3.530565868965522,0.0,1.3480221900000002,927.8448752873564,2.157825959310345,2.15909759770115,37.78045882758624,0.0,0.0,0.0,997.0410414942534,992.1681348275861,0.0,0.47327764770115005,1.554897626436776,
BTCUSDT,232.41193430574705,226.36944929195388,19.98658022298848,169308.22623011496,0.0,0.287687737701149,0.004283959073563215,0.004287081508045974,-0.055084993103442746,0.0,0.0,0.03784026850574711,0.5064969903448272,0.22173475634482748,0.0,0.0,0.03749119908045948,0.006146544137930932,0.0,0.0,0.4346575542528738,1.9221305931034465,0.22602696390804566,962.0417204597703,-0.7388836179310337,0.0,0.003087413043678158,0.0,0.0,0.0,0.10922112135632177,0.022012005498850552,0.0,0.35732274252873497,0.0,1.9197181639080432,39.82314603908044,39.3935122413793,93.42323647816083,5010.107071034482,4990.785657241378,3.8595223954022955,0.2961419250574711,0.0,0.0,0.0,0.0,0.07061730390804587,45.33541301149423,0.030513718574712582,0.0,0.0,0.09507492482758614,22.824277629885046,0.0,0.5922992737931029,0.7386830827586224,0.0,0.009562202825287355,3.6010642459770072,0.0,0.0804711590804597,4.604849101149423,-0.007594932482758845,0.0,0.0,0.0,20.062428625287325,0.006662877908045963,0.0,0.0,0.0,52.28365239999996,52.181051565517215,0.0,0.0,10.84018853103447,690.384765287356,689.8186468965514,0.5740557537931029,0.0,0.0,0.3222992409195399,0.0012717092183907807,0.0,0.009685865954022968,0.028715043678160815,0.0,1.8517904390804554,8.718922772413785,0.0,0.0,218.92535091954022,217.14896383908044,0.2290033947126436,0.0,7.985151121839075,0.0,3.2374181011494225,0.0,11.708891110344764,0.040732189885057425,0.4920268712643662,9.734211689655167,0.0,0.0,0.0,-0.042828163218388164,0.24643707080459748,0.0,0.0,27.619201448275856,0.0,-0.009027455862069897,0.0,0.0,3.8180196091954017,0.0,0.0,0.0,0.16526508873563195,0.0,0.0,0.0,0.0,0.0,0.0,0.0,0.0,0.0,0.17891628229885043,0.0,2.683428845977009,0.0,0.0,0.0,0.10001768245977004,-0.42498205457471305,-3.8982576960919633,2.1766253103448268,0.0,0.05327097021609187,0.0,0.28216773885057445,0.28141730643678153,-0.028433464367814323,0.0,0.0,0.0,0.0,-0.033089464367815305,0.0,0.17480594650574705,0.06830513448275856,0.0,2.7075693609195386,11.95742115402298,0.0,9.368117563218376E-4,9.820833609195396E-4,0.0,0.46133566298850603,3.5177991586206847,0.0,1.3373102131034484,924.5334885057465,2.1280557675862073,2.1300829333333327,37.69486455172412,0.0,0.0,0.0,995.9418147126437,991.1722579310342,0.0,0.47575472643678157,1.5648001494252912,
BTSUSDT,9.663179632183904E-4,9.535074390804597E-4,2.7974074942528735E-4,0.2889004581609197,0.287687737701149,0.0,2.4847519540229875E-8,2.4848029885057465E-8,-3.704827586204833E-8,0.0,0.0,4.561894252873564E-7,2.524419310344827E-6,1.4172997241379309E-6,0.0,0.0,2.2427581609195396E-6,1.9238151724137935E-6,0.0,0.0,8.919891954022994E-7,1.6978158620689655E-5,3.6766319540229882E-6,0.0025144981609195403,-8.671477931034484E-6,0.0,4.512441839080459E-8,0.0,0.0,0.0,1.5595336091954024E-6,6.142405977011493E-8,0.0,5.9924919540229885E-6,0.0,3.258253885057471E-5,1.104114505747127E-4,1.1072082758620694E-4,5.223566183908047E-4,0.026029085517241382,0.02604732,2.286757701149426E-5,3.3031901149425286E-6,0.0,0.0,0.0,0.0,1.0122622988505745E-6,7.308512643678156E-5,5.691092873563217E-7,0.0,0.0,9.516986206896552E-7,1.5958183218390802E-4,0.0,7.027362758620689E-6,-4.64523724137931E-5,0.0,7.165660229885056E-8,4.911765747126435E-5,0.0,1.0012833333333331E-6,2.401305057471264E-5,1.735596689655172E-6,0.0,0.0,0.0,2.9172286436781605E-4,7.425154022988508E-8,0.0,0.0,0.0,3.295601999999999E-4,3.3148586896551723E-4,0.0,0.0,8.855893793103449E-5,0.0022163843678160928,0.002230495862068966,5.40193724137931E-6,0.0,0.0,3.2832273563218373E-6,4.1999581609195397E-7,0.0,1.5151108045977008E-7,9.320666666666664E-7,0.0,2.2281547126436773E-5,1.3389393793103443E-4,0.0,0.0,0.0010410266666666668,0.0010424517471264371,3.208137011494253E-6,0.0,7.395607816091954E-5,0.0,2.4043326436781614E-5,0.0,5.381945379310344E-4,6.0161908045977E-7,2.4360728735632172E-5,7.223237931034482E-5,0.0,0.0,0.0,-1.575402298849806E-8,3.5645560919540227E-6,0.0,0.0,2.0619951724137932E-4,0.0,8.192563448275862E-6,0.0,0.0,3.3173183908045974E-5,0.0,0.0,0.0,1.104692643678161E-6,0.0,0.0,0.0,0.0,0.0,0.0,0.0,0.0,0.0,1.6149273563218394E-6,0.0,2.772349195402298E-5,0.0,0.0,0.0,1.1693214022988507E-6,4.980784091954022E-6,7.669837609195404E-5,1.9162482758620694E-5,0.0,7.944579011494253E-7,0.0,9.905659770114938E-7,9.95448045977011E-7,3.369885057470636E-8,0.0,0.0,0.0,0.0,9.145747126437437E-8,0.0,1.4455441149425286E-6,1.2617620689655174E-6,0.0,2.9874680459770113E-5,6.386840459770109E-5,0.0,8.630947126436781E-9,8.634335632183906E-9,0.0,4.281269425287358E-6,6.527451034482758E-5,0.0,4.867991034482759E-6,0.0027481597701149406,2.881420000000001E-6,2.9161908045977006E-6,2.2455834482758624E-4,0.0,0.0,0.0,0.005472369425287358,0.005445601379310344,0.0,4.541197701149426E-6,-1.9825528735632196E-5,
BTTUSDC,9.759910908045974E-6,9.548208977011491E-6,1.9599801839080457E-6,0.0043246353712643685,0.004283959073563215,2.4847519540229875E-8,0.0,2.4842595402298835E-10,-2.7262758620687204E-9,0.0,0.0,2.6834183908045972E-9,1.790032068965518E-8,1.3619681379310342E-8,0.0,0.0,1.2137009195402295E-8,1.0125162068965522E-8,0.0,0.0,8.915457471264369E-9,1.326780344827586E-7,2.565908505747126E-8,3.436151954022989E-5,-6.47877E-8,0.0,3.2730059770114936E-10,0.0,0.0,0.0,1.0318786436781606E-8,7.679046666666661E-10,0.0,4.2591885057471247E-8,0.0,2.0193487816091955E-7,1.3955225402298848E-6,1.3766512068965519E-6,4.969281770114941E-6,2.457514965517241E-4,2.452548068965517E-4,2.1333070114942516E-7,2.342881839080459E-8,0.0,0.0,0.0,0.0,6.253754022988507E-9,1.2471112643678155E-6,3.403895287356322E-9,0.0,0.0,6.392682758620688E-9,7.536023218390804E-7,0.0,5.130829655172413E-8,-2.4293168965517247E-7,0.0,6.152665747126435E-10,3.125063333333332E-7,0.0,7.536460919540228E-9,2.2328398850574708E-7,9.714973103448275E-9,0.0,0.0,0.0,2.0573671954022984E-6,6.816743678160917E-10,0.0,0.0,0.0,2.796538758620689E-6,2.7985029655172416E-6,0.0,0.0,7.335660689655171E-7,2.6977881609195402E-5,2.6890668965517236E-5,4.550354827586205E-8,0.0,0.0,1.914612528735632E-8,2.3380354022988484E-9,0.0,1.1391335632183903E-9,6.355908045977008E-9,0.0,1.517247471264366E-7,6.755729655172413E-7,0.0,0.0,1.054473908045977E-5,1.049150471264368E-5,2.4262708045977014E-8,0.0,5.906605057471263E-7,0.0,1.9870278160919536E-7,0.0,2.6869213103448276E-6,3.1946528735632183E-9,1.4777197701149421E-7,6.176527586206897E-7,0.0,0.0,0.0,-1.9942298850573524E-9,2.449946436781609E-8,0.0,0.0,1.6762872413793102E-6,0.0,2.491409310344827E-8,0.0,0.0,2.5503597701149435E-7,0.0,0.0,0.0,1.129338850574712E-8,0.0,0.0,0.0,0.0,0.0,0.0,0.0,0.0,0.0,1.4541970114942524E-8,0.0,1.9396257471264364E-7,0.0,0.0,0.0,1.0077084022988502E-8,2.0798850919540217E-8,2.9307023678160905E-7,1.552956896551725E-7,0.0,5.489660080459769E-9,0.0,1.197793908045976E-8,1.1981297701149421E-8,-1.3263908045977104E-9,0.0,0.0,0.0,0.0,-1.348804597701105E-9,0.0,1.2402805632183906E-8,8.218810344827586E-9,0.0,2.1462552873563217E-7,5.758832873563216E-7,0.0,8.052985057471259E-11,8.092052873563216E-11,0.0,2.902761149425286E-8,4.5995462068965504E-7,0.0,5.899402413793104E-8,2.8089890804597687E-5,6.321732413793099E-8,6.336942528735628E-8,1.957237931034483E-6,0.0,0.0,0.0,4.787787011494254E-5,4.74974724137931E-5,0.0,3.428789080459771E-8,-1.6033063218390787E-7,
BTTUSDT,9.769277839080462E-6,9.561844459770111E-6,1.987208252873563E-6,0.004325357671264369,0.004287081508045974,2.4848029885057465E-8,2.4842595402298835E-10,0.0,-2.44468965517218E-9,0.0,0.0,2.8355770114942533E-9,1.8184462068965516E-8,1.3667785517241374E-8,0.0,0.0,1.2544947126436776E-8,1.0601675862068967E-8,0.0,0.0,9.343705747126431E-9,1.337646206896551E-7,2.6136278160919544E-8,3.390702988505747E-5,-6.526653103448276E-8,0.0,3.304450114942528E-10,0.0,0.0,0.0,1.0618837471264366E-8,7.60622390804597E-10,0.0,4.318450574712642E-8,0.0,2.0870541609195404E-7,1.378485264367816E-6,1.361383103448276E-6,4.901166804597701E-6,2.462511793103448E-4,2.4578338620689656E-4,2.1407135632183896E-7,2.410525977011494E-8,0.0,0.0,0.0,0.0,6.528043678160919E-9,1.2256360919540224E-6,3.5195508045977016E-9,0.0,0.0,6.6676344827586186E-9,8.589350114942526E-7,0.0,5.1443268965517225E-8,-2.5271144827586206E-7,0.0,6.231068505747124E-10,3.195107816091953E-7,0.0,7.603409195402299E-9,2.269868505747126E-7,9.894584827586207E-9,0.0,0.0,0.0,2.0989783678160914E-6,6.753443678160919E-10,0.0,0.0,0.0,2.8413869655172395E-6,2.8450182068965514E-6,0.0,0.0,7.342533793103447E-7,2.6582029885057473E-5,2.6516386206896556E-5,4.562835172413793E-8,0.0,0.0,2.0023956321839076E-8,2.4006912643678145E-9,0.0,1.1527880459770111E-9,6.452494252873562E-9,0.0,1.5443636781609184E-7,7.245199310344825E-7,0.0,0.0,1.058395632183908E-5,1.0541273333333336E-5,2.4545170114942533E-8,0.0,5.948241609195402E-7,0.0,2.0284374712643676E-7,0.0,2.837236689655172E-6,3.3665563218390803E-9,1.5062845977011488E-7,6.208168965517241E-7,0.0,0.0,0.0,-1.7753333333332302E-9,2.4969036781609193E-8,0.0,0.0,1.6902151724137935E-6,0.0,2.9183468965517224E-8,0.0,0.0,2.6465356321839086E-7,0.0,0.0,0.0,1.099022298850574E-8,0.0,0.0,0.0,0.0,0.0,0.0,0.0,0.0,0.0,1.4495128735632181E-8,0.0,1.9843622988505742E-7,0.0,0.0,0.0,1.0170252643678161E-8,2.1687856781609184E-8,3.1593700919540204E-7,1.534541379310346E-7,0.0,5.550988459770115E-9,0.0,1.186498390804597E-8,1.1872887356321835E-8,-1.0903218390804787E-9,0.0,0.0,0.0,0.0,-1.0451494252873196E-9,0.0,1.2457861149425288E-8,8.513862068965514E-9,0.0,2.1911963218390804E-7,5.858913563218387E-7,0.0,7.947167816091952E-11,7.989514942528734E-11,0.0,2.979308735632184E-8,4.6104420689655157E-7,0.0,5.9130606896551726E-8,2.8591597701149412E-5,6.085200689655173E-8,6.103890804597698E-8,1.9757837931034483E-6,0.0,0.0,0.0,4.8332949425287355E-5,4.798271034482758E-5,0.0,3.519694252873563E-8,-1.5554045977011486E-7,
BUSDUSDT,-6.081682758619775E-5,-5.142351724137094E-5,1.9973379310345486E-5,-0.05933050344827006,-0.055084993103442746,-3.704827586204833E-8,-2.7262758620687204E-9,-2.44468965517218E-9,0.0,0.0,0.0,1.2073103448275673E-7,2.0035172413795054E-7,-6.927793103447224E-8,0.0,0.0,3.602896551724131E-7,3.7137241379310087E-7,0.0,0.0,4.663241379310167E-7,2.062758620690967E-7,2.289724137931157E-7,-5.595999999999607E-4,-3.1183448275864745E-7,0.0,6.94344827586427E-10,0.0,0.0,0.0,1.913124137931037E-7,-1.2361448275860858E-8,0.0,5.359310344827694E-7,0.0,4.209731034482725E-6,-1.7122482758619152E-5,-1.537482758620544E-5,-1.9233034482755224E-5,-2.865310344825895E-4,-2.0639310344810967E-4,-4.952413793101738E-7,3.8115862068966077E-7,0.0,0.0,0.0,0.0,1.9637241379310233E-7,-3.001241379310148E-5,8.871448275862018E-8,0.0,0.0,2.1745517241378983E-7,7.517365517241183E-5,0.0,3.587586206900367E-8,-8.968137931034315E-6,0.0,2.7795172413795198E-9,5.882689655172441E-6,0.0,1.695517241379786E-8,8.633103448277398E-7,2.46730344827584E-7,0.0,0.0,0.0,2.670579310344903E-5,-7.477241379309489E-9,0.0,0.0,0.0,1.3497103448278067E-5,1.525875862069178E-5,0.0,0.0,-5.256413793102611E-6,-4.1391034482755304E-4,-3.893931034482437E-4,-1.326689655171918E-7,0.0,0.0,5.652137931034482E-7,4.592896551724173E-8,0.0,5.653793103448997E-9,7.617241379310598E-8,0.0,1.8325517241379948E-6,3.541186206896486E-5,0.0,0.0,-7.285172413792147E-5,-7.36075862068866E-5,1.2420000000001515E-7,0.0,2.554206896551988E-6,0.0,1.7164137931035171E-6,0.0,1.0974662068965385E-4,1.431172413793086E-7,1.7084827586207677E-6,-1.3172413793098268E-6,0.0,0.0,0.0,3.460689655172038E-7,3.6742068965517935E-7,0.0,0.0,1.0903448275874894E-6,0.0,3.401062068965435E-6,0.0,0.0,3.5417241379311794E-6,0.0,0.0,0.0,-2.8702068965515383E-7,0.0,0.0,0.0,0.0,0.0,0.0,0.0,0.0,0.0,-1.0544137931033127E-7,0.0,3.421448275862108E-6,0.0,0.0,0.0,2.183379310345434E-8,1.0827393103447957E-6,1.954633793103397E-5,-1.6768965517238945E-6,0.0,6.113365517241529E-8,0.0,-1.7518620689653723E-7,-1.69855172413779E-7,3.379999999999682E-7,0.0,0.0,0.0,0.0,3.817931034482458E-7,0.0,-5.717241379230481E-10,1.937586206896526E-7,0.0,3.3461379310345108E-6,-5.414482758617098E-7,0.0,-9.163448275861253E-10,-9.117931034481934E-10,0.0,3.881379310347507E-8,1.2453793103451237E-6,0.0,-6.686275862068321E-7,1.0262068965519689E-4,-2.3799448275860786E-6,-2.334137931034357E-6,5.501379310346282E-6,0.0,0.0,0.0,3.2812413793104766E-4,3.415793103448412E-4,0.0,4.771034482758682E-7,4.7055172413792085E-6,
BZRXUSDT,0.0,0.0,0.0,0.0,0.0,0.0,0.0,0.0,0.0,0.0,0.0,0.0,0.0,0.0,0.0,0.0,0.0,0.0,0.0,0.0,0.0,0.0,0.0,0.0,0.0,0.0,0.0,0.0,0.0,0.0,0.0,0.0,0.0,0.0,0.0,0.0,0.0,0.0,0.0,0.0,0.0,0.0,0.0,0.0,0.0,0.0,0.0,0.0,0.0,0.0,0.0,0.0,0.0,0.0,0.0,0.0,0.0,0.0,0.0,0.0,0.0,0.0,0.0,0.0,0.0,0.0,0.0,0.0,0.0,0.0,0.0,0.0,0.0,0.0,0.0,0.0,0.0,0.0,0.0,0.0,0.0,0.0,0.0,0.0,0.0,0.0,0.0,0.0,0.0,0.0,0.0,0.0,0.0,0.0,0.0,0.0,0.0,0.0,0.0,0.0,0.0,0.0,0.0,0.0,0.0,0.0,0.0,0.0,0.0,0.0,0.0,0.0,0.0,0.0,0.0,0.0,0.0,0.0,0.0,0.0,0.0,0.0,0.0,0.0,0.0,0.0,0.0,0.0,0.0,0.0,0.0,0.0,0.0,0.0,0.0,0.0,0.0,0.0,0.0,0.0,0.0,0.0,0.0,0.0,0.0,0.0,0.0,0.0,0.0,0.0,0.0,0.0,0.0,0.0,0.0,0.0,0.0,0.0,0.0,0.0,0.0,0.0,0.0,0.0,0.0,0.0,0.0,0.0,0.0,0.0,0.0,0.0,0.0,0.0,0.0,0.0,0.0,
CELOUSDT,0.0,0.0,0.0,0.0,0.0,0.0,0.0,0.0,0.0,0.0,0.0,0.0,0.0,0.0,0.0,0.0,0.0,0.0,0.0,0.0,0.0,0.0,0.0,0.0,0.0,0.0,0.0,0.0,0.0,0.0,0.0,0.0,0.0,0.0,0.0,0.0,0.0,0.0,0.0,0.0,0.0,0.0,0.0,0.0,0.0,0.0,0.0,0.0,0.0,0.0,0.0,0.0,0.0,0.0,0.0,0.0,0.0,0.0,0.0,0.0,0.0,0.0,0.0,0.0,0.0,0.0,0.0,0.0,0.0,0.0,0.0,0.0,0.0,0.0,0.0,0.0,0.0,0.0,0.0,0.0,0.0,0.0,0.0,0.0,0.0,0.0,0.0,0.0,0.0,0.0,0.0,0.0,0.0,0.0,0.0,0.0,0.0,0.0,0.0,0.0,0.0,0.0,0.0,0.0,0.0,0.0,0.0,0.0,0.0,0.0,0.0,0.0,0.0,0.0,0.0,0.0,0.0,0.0,0.0,0.0,0.0,0.0,0.0,0.0,0.0,0.0,0.0,0.0,0.0,0.0,0.0,0.0,0.0,0.0,0.0,0.0,0.0,0.0,0.0,0.0,0.0,0.0,0.0,0.0,0.0,0.0,0.0,0.0,0.0,0.0,0.0,0.0,0.0,0.0,0.0,0.0,0.0,0.0,0.0,0.0,0.0,0.0,0.0,0.0,0.0,0.0,0.0,0.0,0.0,0.0,0.0,0.0,0.0,0.0,0.0,0.0,0.0,
CELRUSDT,1.3660861609195404E-4,1.370491540229886E-4,5.302074022988505E-5,0.036756581839080545,0.03784026850574711,4.561894252873564E-7,2.6834183908045972E-9,2.8355770114942533E-9,1.2073103448275673E-7,0.0,0.0,0.0,3.8817655172413795E-7,2.0948737931034493E-7,0.0,0.0,5.511301149425288E-7,5.013613793103449E-7,0.0,0.0,3.7989563218390794E-7,2.800489655172414E-6,6.840914942528736E-7,9.821701149425262E-5,-1.3899455172413797E-6,0.0,7.700629885057472E-9,0.0,0.0,0.0,3.630696321839082E-7,5.2494988505747215E-9,0.0,1.1763977011494256E-6,0.0,7.372177701149427E-6,9.915177011494242E-6,1.0900517241379311E-5,6.680985747126435E-5,0.003970336551724138,0.004004133103448277,3.152050574712647E-6,7.621112643678164E-7,0.0,0.0,0.0,0.0,2.6970735632183916E-7,1.5312873563218242E-6,1.3799133333333338E-7,0.0,0.0,2.59828275862069E-7,7.206525057471263E-5,0.0,1.033535862068966E-6,-1.0886020689655178E-5,0.0,1.2903583908045975E-8,1.006993563218391E-5,0.0,1.6802839080459777E-7,4.2572045977011494E-6,3.9265200000000007E-7,0.0,0.0,0.0,6.010597011494255E-5,4.688942528735635E-9,0.0,0.0,0.0,5.471012413793104E-5,5.5684393103448296E-5,0.0,0.0,1.1903048275862074E-5,1.3979287356321834E-4,1.5057448275862087E-4,7.340503448275865E-7,0.0,0.0,9.013822988505746E-7,9.249197701149424E-8,0.0,2.6487678160919553E-8,1.904367816091954E-7,0.0,4.253783908045978E-6,4.145015172413794E-5,0.0,0.0,1.1926298850574721E-4,1.2184383908045982E-4,5.266085057471266E-7,0.0,1.2003673563218391E-5,0.0,4.6308597701149445E-6,0.0,1.4186686896551723E-4,1.7484505747126438E-7,4.445836781609196E-6,1.03298275862069E-5,0.0,0.0,0.0,1.0400919540229415E-7,7.830777011494252E-7,0.0,0.0,3.4244896551724137E-5,0.0,3.20432E-6,0.0,0.0,6.764781609195405E-6,0.0,0.0,0.0,4.238873563218394E-8,0.0,0.0,0.0,0.0,0.0,0.0,0.0,0.0,0.0,1.894098850574713E-7,0.0,6.180983908045977E-6,0.0,0.0,0.0,1.8915832183908048E-7,1.2819250804597702E-6,2.2120062528735633E-5,1.8872068965517248E-6,0.0,1.622541471264368E-7,0.0,7.556298850574714E-8,7.792022988505747E-8,1.0788045977011035E-7,0.0,0.0,0.0,0.0,1.377770114942512E-7,0.0,2.16994091954023E-7,3.1084827586206894E-7,0.0,6.081257471264371E-6,1.1375050574712643E-5,0.0,8.195839080459765E-10,8.318436781609198E-10,0.0,7.191974712643686E-7,1.0178158620689657E-5,0.0,4.487682758620692E-7,6.296057471264367E-4,-7.10570344827586E-7,-6.844252873563219E-7,3.682086206896554E-5,0.0,0.0,0.0,0.0010109733333333337,0.0010131027586206894,0.0,9.96719540229885E-7,-2.2920574712643683E-6,
CHRUSDT,9.823726103448276E-4,9.558965965517226E-4,2.4637688965517237E-4,0.5091502203448269,0.5064969903448272,2.524419310344827E-6,1.790032068965518E-8,1.8184462068965516E-8,2.0035172413795054E-7,0.0,0.0,3.8817655172413795E-7,0.0,6.500746206896556E-7,0.0,0.0,1.8849048275862067E-6,1.7259251724137933E-6,0.0,0.0,-1.2648572413793075E-6,1.4864127586206898E-5,3.6010593103448285E-6,0.00251942275862069,-9.60017137931035E-6,0.0,3.872767586206898E-8,0.0,0.0,0.0,1.517132620689655E-6,1.1867530344827593E-7,0.0,4.480662068965517E-6,0.0,3.172970413793103E-5,1.0478745862068976E-4,1.0562718965517231E-4,4.3510207586206867E-4,0.02683111586206896,0.026886081379310346,2.220207931034484E-5,2.7998193103448286E-6,0.0,0.0,0.0,0.0,9.81675172413793E-7,6.05297931034482E-5,6.193119655172412E-7,0.0,0.0,9.907972413793106E-7,1.8386736551724133E-4,0.0,5.424542758620691E-6,-5.73373482758621E-5,0.0,7.521646896551722E-8,5.718476896551725E-5,0.0,9.022244827586208E-7,3.073038275862068E-5,1.506616482758621E-6,0.0,0.0,0.0,2.403885793103448E-4,5.1145896551724075E-8,0.0,0.0,0.0,4.3824453793103437E-4,4.3417349655172394E-4,0.0,0.0,6.322084137931036E-5,0.002444203793103447,0.002483167586206898,3.773517586206899E-6,0.0,0.0,3.074005862068966E-6,3.34406E-7,0.0,1.2973641379310345E-7,7.46048275862069E-7,0.0,2.178906551724137E-5,1.5213991034482754E-4,0.0,0.0,0.0017902958620689662,0.0017613673448275869,2.6565165517241394E-6,0.0,6.34929724137931E-5,0.0,1.2180882758620685E-5,0.0,5.245585931034482E-4,6.358358620689654E-7,2.2620572413793106E-5,7.972655172413795E-5,0.0,0.0,0.0,2.360551724138215E-7,2.9797868965517235E-6,0.0,0.0,2.1731093103448276E-4,0.0,1.0193849310344821E-5,0.0,0.0,5.268317241379313E-5,0.0,0.0,0.0,4.2576344827586194E-7,0.0,0.0,0.0,0.0,0.0,0.0,0.0,0.0,0.0,1.1253903448275867E-6,0.0,2.8174006896551718E-5,0.0,0.0,0.0,9.15306310344828E-7,4.272790310344827E-6,7.168680965517242E-5,4.4017155172413813E-5,0.0,6.68593727586207E-7,0.0,9.244796551724128E-7,9.209334482758614E-7,2.6173103448277913E-7,0.0,0.0,0.0,0.0,2.636620689655124E-7,0.0,1.4190247241379308E-6,1.0361948275862064E-6,0.0,2.811166551724139E-5,6.20382689655172E-5,0.0,4.7633827586206826E-9,4.795337931034481E-9,0.0,5.1258227586206955E-6,5.299546896551724E-5,0.0,4.63850448275862E-6,0.005892863793103446,2.831491724137938E-6,2.3258103448275945E-6,2.1641237931034483E-4,0.0,0.0,0.0,0.006088441724137931,0.006050463103448277,0.0,4.185246551724138E-6,8.71209827586207E-5,
CHZUSDT,5.403313944827586E-4,5.292198262068965E-4,1.2545808482758618E-4,0.2233020544137932,0.22173475634482748,1.4172997241379309E-6,1.3619681379310342E-8,1.3667785517241374E-8,-6.927793103447224E-8,0.0,0.0,2.0948737931034493E-7,6.500746206896556E-7,0.0,0.0,0.0,7.973913103448274E-7,6.922881379310348E-7,0.0,0.0,5.295209655172414E-7,8.094153103448277E-6,1.590090482758621E-6,0.0016163535172413793,-4.135856344827587E-6,0.0,2.0207717931034482E-8,0.0,0.0,0.0,6.94514075862069E-7,3.6846677931034454E-8,0.0,2.7540082758620693E-6,0.0,1.4471824620689655E-5,6.652033999999999E-5,6.615105517241382E-5,2.366824462068965E-4,0.014796210068965516,0.014783134896551723,1.3005174482758616E-5,1.6584255862068966E-6,0.0,0.0,0.0,0.0,5.231446896551725E-7,5.5820165517241336E-5,2.4585415172413796E-7,0.0,0.0,4.5006082758620686E-7,9.069946965517244E-5,0.0,2.841776137931034E-6,-1.9543652413793107E-5,0.0,4.000123517241379E-8,1.916119862068965E-5,0.0,4.648177931034483E-7,1.5486948965517244E-5,6.046807448275861E-7,0.0,0.0,0.0,1.4036963655172414E-4,3.3254420689655175E-8,0.0,0.0,0.0,1.853617179310345E-4,1.859034475862069E-4,0.0,0.0,3.851997517241379E-5,0.0013069321379310344,0.0013082211034482756,2.9772628275862063E-6,0.0,0.0,1.373709793103448E-6,1.4462116551724136E-7,0.0,7.043131724137931E-8,4.0781172413793106E-7,0.0,8.771354482758618E-6,5.2809230344827585E-5,0.0,0.0,6.396322413793103E-4,6.448249172413794E-4,1.6402326206896556E-6,0.0,3.7907142758620695E-5,0.0,1.3175400689655174E-5,0.0,2.1103998758620696E-4,2.397606206896552E-7,9.888755862068966E-6,3.897982758620691E-5,0.0,0.0,0.0,-5.124758620689365E-8,1.6327504827586207E-6,0.0,0.0,1.0045377241379312E-4,0.0,2.7836202068965523E-6,0.0,0.0,1.9892027586206894E-5,0.0,0.0,0.0,4.676888965517239E-7,0.0,0.0,0.0,0.0,0.0,0.0,0.0,0.0,0.0,8.399401379310343E-7,0.0,1.3122039310344828E-5,0.0,0.0,0.0,6.743363655172416E-7,1.4164684758620686E-6,2.2865614689655173E-5,5.76461379310345E-6,0.0,3.414709455172413E-7,0.0,6.544255862068962E-7,6.549873793103447E-7,-2.576758620689917E-8,0.0,0.0,0.0,0.0,4.901379310347594E-9,0.0,8.11508151724138E-7,5.680189655172416E-7,0.0,1.5040095172413793E-5,3.6251922758620676E-5,0.0,4.228459310344825E-9,4.248029655172413E-9,0.0,1.4058976551724136E-6,2.6314917931034483E-5,0.0,3.886118482758622E-6,0.0018161310344827584,2.056729724137929E-6,2.0721810344827565E-6,1.1680425172413797E-4,0.0,0.0,0.0,0.00291638627586207,0.002889551931034483,0.0,2.60757551724138E-6,-1.2220575862068966E-5,
CKBUSDT,0.0,0.0,0.0,0.0,0.0,0.0,0.0,0.0,0.0,0.0,0.0,0.0,0.0,0.0,0.0,0.0,0.0,0.0,0.0,0.0,0.0,0.0,0.0,0.0,0.0,0.0,0.0,0.0,0.0,0.0,0.0,0.0,0.0,0.0,0.0,0.0,0.0,0.0,0.0,0.0,0.0,0.0,0.0,0.0,0.0,0.0,0.0,0.0,0.0,0.0,0.0,0.0,0.0,0.0,0.0,0.0,0.0,0.0,0.0,0.0,0.0,0.0,0.0,0.0,0.0,0.0,0.0,0.0,0.0,0.0,0.0,0.0,0.0,0.0,0.0,0.0,0.0,0.0,0.0,0.0,0.0,0.0,0.0,0.0,0.0,0.0,0.0,0.0,0.0,0.0,0.0,0.0,0.0,0.0,0.0,0.0,0.0,0.0,0.0,0.0,0.0,0.0,0.0,0.0,0.0,0.0,0.0,0.0,0.0,0.0,0.0,0.0,0.0,0.0,0.0,0.0,0.0,0.0,0.0,0.0,0.0,0.0,0.0,0.0,0.0,0.0,0.0,0.0,0.0,0.0,0.0,0.0,0.0,0.0,0.0,0.0,0.0,0.0,0.0,0.0,0.0,0.0,0.0,0.0,0.0,0.0,0.0,0.0,0.0,0.0,0.0,0.0,0.0,0.0,0.0,0.0,0.0,0.0,0.0,0.0,0.0,0.0,0.0,0.0,0.0,0.0,0.0,0.0,0.0,0.0,0.0,0.0,0.0,0.0,0.0,0.0,0.0,
COMPUSDT,0.0,0.0,0.0,0.0,0.0,0.0,0.0,0.0,0.0,0.0,0.0,0.0,0.0,0.0,0.0,0.0,0.0,0.0,0.0,0.0,0.0,0.0,0.0,0.0,0.0,0.0,0.0,0.0,0.0,0.0,0.0,0.0,0.0,0.0,0.0,0.0,0.0,0.0,0.0,0.0,0.0,0.0,0.0,0.0,0.0,0.0,0.0,0.0,0.0,0.0,0.0,0.0,0.0,0.0,0.0,0.0,0.0,0.0,0.0,0.0,0.0,0.0,0.0,0.0,0.0,0.0,0.0,0.0,0.0,0.0,0.0,0.0,0.0,0.0,0.0,0.0,0.0,0.0,0.0,0.0,0.0,0.0,0.0,0.0,0.0,0.0,0.0,0.0,0.0,0.0,0.0,0.0,0.0,0.0,0.0,0.0,0.0,0.0,0.0,0.0,0.0,0.0,0.0,0.0,0.0,0.0,0.0,0.0,0.0,0.0,0.0,0.0,0.0,0.0,0.0,0.0,0.0,0.0,0.0,0.0,0.0,0.0,0.0,0.0,0.0,0.0,0.0,0.0,0.0,0.0,0.0,0.0,0.0,0.0,0.0,0.0,0.0,0.0,0.0,0.0,0.0,0.0,0.0,0.0,0.0,0.0,0.0,0.0,0.0,0.0,0.0,0.0,0.0,0.0,0.0,0.0,0.0,0.0,0.0,0.0,0.0,0.0,0.0,0.0,0.0,0.0,0.0,0.0,0.0,0.0,0.0,0.0,0.0,0.0,0.0,0.0,0.0,
COSUSDT,5.110982321839078E-4,5.121975494252874E-4,2.4448223908045977E-4,0.033290394712643855,0.03749119908045948,2.2427581609195396E-6,1.2137009195402295E-8,1.2544947126436776E-8,3.602896551724131E-7,0.0,0.0,5.511301149425288E-7,1.8849048275862067E-6,7.973913103448274E-7,0.0,0.0,0.0,2.421912413793103E-6,0.0,0.0,1.3085326436781598E-6,1.249928965517241E-5,3.2424416091954013E-6,8.712022988505663E-5,-6.259201379310344E-6,0.0,3.694243218390805E-8,0.0,0.0,0.0,1.554177195402299E-6,1.3386583908045998E-8,0.0,5.374347126436783E-6,0.0,3.133727264367816E-5,2.0816112643678123E-5,2.371975862068962E-5,2.926225425287356E-4,0.015022762758620689,0.01514993862068965,1.2156825287356327E-5,3.018181149425288E-6,0.0,0.0,0.0,0.0,1.082204367816092E-6,-1.5331218390804653E-5,5.870705977011495E-7,0.0,0.0,1.052128965517241E-6,2.379681908045977E-4,0.0,5.253533793103448E-6,-4.698059310344829E-5,0.0,4.9854891954022976E-8,4.5416595402298835E-5,0.0,7.479226436781609E-7,1.4130650574712637E-5,1.9187074482758624E-6,0.0,0.0,0.0,2.5915483678160917E-4,3.3939954022988484E-8,0.0,0.0,0.0,2.0290766206896543E-4,2.0634154482758617E-4,0.0,0.0,6.404078620689656E-5,4.541167816091946E-4,4.935110344827592E-4,3.502128275862069E-6,0.0,0.0,3.8186611494252876E-6,4.5224636781609194E-7,0.0,1.287567356321839E-7,8.982873563218391E-7,0.0,1.9534533333333327E-5,1.6857409655172414E-4,0.0,0.0,4.0346425287356326E-4,4.1859285057471273E-4,2.3578790804597697E-6,0.0,5.1298105747126424E-5,0.0,2.008178850574713E-5,0.0,6.236849793103448E-4,6.973901149425286E-7,2.2008811494252875E-5,4.271979310344827E-5,0.0,0.0,0.0,2.965011494252785E-7,3.383886436781609E-6,0.0,0.0,1.4086944827586202E-4,0.0,1.312361931034483E-5,0.0,0.0,2.5337287356321845E-5,0.0,0.0,0.0,4.329257471264366E-7,0.0,0.0,0.0,0.0,0.0,0.0,0.0,0.0,0.0,9.533163218390805E-7,0.0,2.5790036781609194E-5,0.0,0.0,0.0,8.393642298850574E-7,6.54061843678161E-6,1.0788585609195401E-4,1.1062793103448279E-5,0.0,7.013872252873562E-7,0.0,2.1476735632183888E-7,2.2309908045976975E-7,3.083816091953875E-7,0.0,0.0,0.0,0.0,4.315540229885036E-7,0.0,8.740571494252871E-7,1.346144827586207E-6,0.0,2.5820894252873567E-5,4.485023908045976E-5,0.0,4.556512643678158E-9,4.534790804597701E-9,0.0,4.132246666666668E-6,5.11746275862069E-5,0.0,1.163633103448275E-6,0.0019461942528735626,-3.354044137931036E-6,-3.260050574712644E-6,1.492026206896552E-4,0.0,0.0,0.0,0.0038466501149425287,0.0038688882758620684,0.0,3.685794252873562E-6,-1.6916977011494255E-5,
COTIUSDT,5.104837344827585E-4,5.120083689655177E-4,2.040592827586207E-4,0.0025349106896554396,0.006146544137930932,1.9238151724137935E-6,1.0125162068965522E-8,1.0601675862068967E-8,3.7137241379310087E-7,0.0,0.0,5.013613793103449E-7,1.7259251724137933E-6,6.922881379310348E-7,0.0,0.0,2.421912413793103E-6,0.0,0.0,0.0,1.6911020689655173E-6,1.1449941379310342E-5,3.2267165517241373E-6,4.950875862068962E-4,-4.8918320689655195E-6,0.0,3.156904827586208E-8,0.0,0.0,0.0,1.4236163448275861E-6,1.4229593103448352E-8,0.0,4.805441379310346E-6,0.0,2.6384002758620687E-5,1.8600196551724144E-5,2.1042568965517278E-5,2.4995013103448283E-4,0.013250980689655176,0.013341391034482765,1.0074506896551747E-5,2.6352358620689655E-6,0.0,0.0,0.0,0.0,1.0292937931034482E-6,-2.405875862068966E-5,5.208873448275861E-7,0.0,0.0,1.0079268965517243E-6,2.0971011724137933E-4,0.0,4.184971034482759E-6,-4.147623793103449E-5,0.0,4.26915655172414E-8,4.606823103448275E-5,0.0,6.852351724137932E-7,1.3335341379310356E-5,1.716922137931034E-6,0.0,0.0,0.0,2.4235024827586214E-4,4.567996551724139E-8,0.0,0.0,0.0,2.1700749655172424E-4,2.2039640000000004E-4,0.0,0.0,6.277833103448279E-5,5.24472068965518E-4,5.480600000000015E-4,3.3543962068965535E-6,0.0,0.0,3.138856206896552E-6,4.0010158620689656E-7,0.0,1.2102703448275863E-7,8.585896551724137E-7,0.0,1.965848620689655E-5,1.745691931034482E-4,0.0,0.0,4.160396551724144E-4,4.2683679310344895E-4,2.139731724137931E-6,0.0,4.31580275862069E-5,0.0,1.9999565517241386E-5,0.0,6.226841655172415E-4,6.168158620689653E-7,1.9468737931034485E-5,4.034848275862071E-5,0.0,0.0,0.0,2.988413793103375E-7,3.016564827586206E-6,0.0,0.0,1.373873448275862E-4,0.0,1.3308229999999998E-5,0.0,0.0,2.1985068965517247E-5,0.0,0.0,0.0,3.969710344827588E-7,0.0,0.0,0.0,0.0,0.0,0.0,0.0,0.0,0.0,9.470234482758626E-7,0.0,2.3143510344827587E-5,0.0,0.0,0.0,7.918636896551727E-7,6.327894172413794E-6,1.065869144827586E-4,1.1056086206896558E-5,0.0,6.078642379310346E-7,0.0,2.1991344827586246E-7,2.2914586206896567E-7,3.449586206896434E-7,0.0,0.0,0.0,0.0,4.301310344827572E-7,0.0,7.613738965517243E-7,1.3506155172413793E-6,0.0,2.4217886206896558E-5,3.945442068965516E-5,0.0,4.161031034482758E-9,4.1731103448275875E-9,0.0,3.3846151724137965E-6,4.4571151724137944E-5,0.0,1.3878748275862098E-6,0.0013633327586206898,-2.7196710344827573E-6,-2.6106965517241345E-6,1.629744482758621E-4,0.0,0.0,0.0,0.0036963306896551722,0.003716747241379312,0.0,3.1246706896551726E-6,-1.4466672413793116E-5,
CRVUSDT,0.0,0.0,0.0,0.0,0.0,0.0,0.0,0.0,0.0,0.0,0.0,0.0,0.0,0.0,0.0,0.0,0.0,0.0,0.0,0.0,0.0,0.0,0.0,0.0,0.0,0.0,0.0,0.0,0.0,0.0,0.0,0.0,0.0,0.0,0.0,0.0,0.0,0.0,0.0,0.0,0.0,0.0,0.0,0.0,0.0,0.0,0.0,0.0,0.0,0.0,0.0,0.0,0.0,0.0,0.0,0.0,0.0,0.0,0.0,0.0,0.0,0.0,0.0,0.0,0.0,0.0,0.0,0.0,0.0,0.0,0.0,0.0,0.0,0.0,0.0,0.0,0.0,0.0,0.0,0.0,0.0,0.0,0.0,0.0,0.0,0.0,0.0,0.0,0.0,0.0,0.0,0.0,0.0,0.0,0.0,0.0,0.0,0.0,0.0,0.0,0.0,0.0,0.0,0.0,0.0,0.0,0.0,0.0,0.0,0.0,0.0,0.0,0.0,0.0,0.0,0.0,0.0,0.0,0.0,0.0,0.0,0.0,0.0,0.0,0.0,0.0,0.0,0.0,0.0,0.0,0.0,0.0,0.0,0.0,0.0,0.0,0.0,0.0,0.0,0.0,0.0,0.0,0.0,0.0,0.0,0.0,0.0,0.0,0.0,0.0,0.0,0.0,0.0,0.0,0.0,0.0,0.0,0.0,0.0,0.0,0.0,0.0,0.0,0.0,0.0,0.0,0.0,0.0,0.0,0.0,0.0,0.0,0.0,0.0,0.0,0.0,0.0,
CTKUSDT,0.0,0.0,0.0,0.0,0.0,0.0,0.0,0.0,0.0,0.0,0.0,0.0,0.0,0.0,0.0,0.0,0.0,0.0,0.0,0.0,0.0,0.0,0.0,0.0,0.0,0.0,0.0,0.0,0.0,0.0,0.0,0.0,0.0,0.0,0.0,0.0,0.0,0.0,0.0,0.0,0.0,0.0,0.0,0.0,0.0,0.0,0.0,0.0,0.0,0.0,0.0,0.0,0.0,0.0,0.0,0.0,0.0,0.0,0.0,0.0,0.0,0.0,0.0,0.0,0.0,0.0,0.0,0.0,0.0,0.0,0.0,0.0,0.0,0.0,0.0,0.0,0.0,0.0,0.0,0.0,0.0,0.0,0.0,0.0,0.0,0.0,0.0,0.0,0.0,0.0,0.0,0.0,0.0,0.0,0.0,0.0,0.0,0.0,0.0,0.0,0.0,0.0,0.0,0.0,0.0,0.0,0.0,0.0,0.0,0.0,0.0,0.0,0.0,0.0,0.0,0.0,0.0,0.0,0.0,0.0,0.0,0.0,0.0,0.0,0.0,0.0,0.0,0.0,0.0,0.0,0.0,0.0,0.0,0.0,0.0,0.0,0.0,0.0,0.0,0.0,0.0,0.0,0.0,0.0,0.0,0.0,0.0,0.0,0.0,0.0,0.0,0.0,0.0,0.0,0.0,0.0,0.0,0.0,0.0,0.0,0.0,0.0,0.0,0.0,0.0,0.0,0.0,0.0,0.0,0.0,0.0,0.0,0.0,0.0,0.0,0.0,0.0,
