 ,BNBUSDC,BNBUSDT,BNTUSDT,BTCUSDC,BTCUSDT,BTSUSDT,BTTUSDC,BTTUSDT,BUSDUSDT,BZRXUSDT,CELOUSDT,CELRUSDT,CHRUSDT,CHZUSDT,CKBUSDT,COMPUSDT,COSUSDT,COTIUSDT,CRVUSDT,CTKUSDT,CTSIUSDT,CTXCUSDT,CVCUSDT,DASHUSDT,DATAUSDT,DCRUSDT,DENTUSDT,DGBUSDT,DIAUSDT,DNTUSDT,DOCKUSDT,DOGEUSDT,DOTUSDT,DUSKUSDT,EGLDUSDT,ENJUSDT,EOSUSDC,EOSUSDT,ETCUSDT,ETHUSDC,ETHUSDT,EURUSDT,FETUSDT,FILUSDT,FIOUSDT,FIROUSDT,FLMUSDT,FTMUSDT,FTTUSDT,FUNUSDT,GBPUSDT,GRTUSDT,GTOUSDT,GXSUSDT,HARDUSDT,HBARUSDT,HIVEUSDT,HNTUSDT,HOTUSDT,ICXUSDT,INJUSDT,IOSTUSDT,IOTAUSDT,IOTXUSDT,IRISUSDT,JSTUSDT,JUVUSDT,KAVAUSDT,KEYUSDT,KMDUSDT,KNCUSDT,KSMUSDT,LINKUSDC,LINKUSDT,LITUSDT,LRCUSDT,LSKUSDT,LTCUSDC,LTCUSDT,LTOUSDT,LUNAUSDT,MANAUSDT,MATICUSDT,MBLUSDT,MDTUSDT,MFTUSDT,MITHUSDT,MKRUSDT,MTLUSDT,NANOUSDT,NBSUSDT,NEARUSDT,NEOUSDC,NEOUSDT,NKNUSDT,NMRUSDT,NULSUSDT,OCEANUSDT,OGNUSDT,OGUSDT,OMGUSDT,ONEUSDT,ONGUSDT,ONTUSDT,ORNUSDT,OXTUSDT,PAXGUSDT,PAXUSDT,PERLUSDT,PNTUSDT,PSGUSDT,QTUMUSDT,REEFUSDT,RENUSDT,REPUSDT,RIFUSDT,RLCUSDT,ROSEUSDT,RSRUSDT,RUNEUSDT,RVNUSDT,SANDUSDT,SCUSDT,SFPUSDT,SKLUSDT,SNXUSDT,SOLUSDT,SRMUSDT,STMXUSDT,STORJUSDT,STPTUSDT,STRAXUSDT,STXUSDT,SUSDUSDT,SUSHIUSDT,SXPUSDT,TCTUSDT,TFUELUSDT,THETAUSDT,TOMOUSDT,TRBUSDT,TROYUSDT,TRUUSDT,TRXUSDC,TRXUSDT,TUSDUSDT,TWTUSDT,UMAUSDT,UNFIUSDT,UNIUSDT,USDCUSDT,UTKUSDT,VETUSDT,VITEUSDT,VTHOUSDT,WANUSDT,WAVESUSDT,WINGUSDT,WINUSDC,WINUSDT,WNXMUSDT,WRXUSDT,WTCUSDT,XEMUSDT,XLMUSDT,XMRUSDT,XRPUSDC,XRPUSDT,XTZUSDT,XVSUSDT,YFIIUSDT,YFIUSDT,ZECUSDC,ZECUSDT,ZENUSDT,ZILUSDT,ZRXUSDT,
BNBUSDC,0.0,0.4046605551724135,0.08624617103448276,164.63770839310348,162.09350042758612,8.283841103448273E-4,1.1850377862068964E-5,1.1836771724137929E-5,-1.8025489655171506E-4,0.0,0.0,9.51400344827586E-5,8.269015793103452E-4,6.082428448275862E-4,0.0,0.0,3.9658723448275814E-4,3.4321545517241345E-4,0.0,0.0,4.999402620689656E-4,0.006227221103448275,0.0012577338275862064,1.4538969379310345,-0.002769970551724137,0.0,1.4401279655172409E-5,0.0,0.0,0.0,4.1779410206896556E-4,2.788034068965515E-5,0.0,0.0016646078620689648,0.0,0.008338808262068965,0.0603056,0.05951316551724139,0.1393335936551724,11.087986620689652,11.06623004137931,0.011215099103448277,0.00117673804137931,0.0,0.0,0.0,0.0,2.3479591724137922E-4,0.04474974482758618,1.2736804275862066E-4,0.0,0.0,3.2147299310344806E-4,0.015255393586206896,0.0,0.0016962113172413788,-0.011720296896551718,0.0,2.5041999448275856E-5,0.012086131241379307,0.0,3.3383405034482757E-4,0.011286699517241375,3.2562475103448254E-4,0.0,0.0,0.0,0.09665998117241377,2.5558492413793112E-5,0.0,0.0,0.0,0.15448740048275855,0.1543710457241379,0.0,0.0,0.0329477684827586,1.1176476,1.101883468965517,0.0024741106551724123,0.0,0.0,3.1346376551724133E-4,7.073786344827581E-5,0.0010000854068965511,5.181565931034481E-5,2.5760325517241366E-4,0.0,0.007415191310344821,0.04135682593103446,0.0,0.0,0.504015227586207,0.5069589255172414,0.0014761409862068964,0.0,0.02563304537931034,0.0,0.01174352420689655,0.0,0.10078629055172408,1.2067957241379303E-4,0.006318879241379307,0.02813132034482758,0.0,0.0,0.0,-1.6275165517240481E-4,0.0010516194482758617,0.0,0.0,0.06964893379310343,0.0,8.732001310344813E-4,0.0,0.0,0.022356556137931038,0.0,0.0,0.0,3.2693994482758596E-4,0.0,0.0,0.0,0.0,0.0,0.0,0.0,-5.3300358620689576E-5,0.0,6.691062413793099E-4,0.0,0.006961476551724141,0.0,0.0,0.0,5.828181613793102E-4,2.3916409379310237E-4,0.004770586689655157,0.008437486758620686,0.0,1.743659080689655E-4,0.0,6.153433999999996E-4,6.131193586206894E-4,-1.368006896551681E-4,0.0,0.0,0.0,0.0,-1.434108965517172E-4,0.0,6.11493704137931E-4,4.520376551724136E-4,0.0,0.009456643379310344,0.026398448758620678,0.0,3.1660336551724123E-6,3.217581517241378E-6,0.0,2.1854864827586107E-4,0.01982647062068965,0.0,0.0029655227862068973,1.270053951724138,0.0022006813448275844,0.0021820481103448264,0.0881059144827586,0.0,0.0,0.0,2.268411951724138,2.282293744827585,0.0,0.0019274558689655172,-0.0034685585517241348,
BNBUSDT,0.4046605551724135,0.0,0.08544430137931028,159.40636196551714,156.9633388620689,8.153436896551725E-4,1.1678435172413789E-5,1.1666038620689654E-5,-1.7296827586206042E-4,0.0,0.0,9.463637931034479E-5,8.303650689655168E-4,5.985144344827583E-4,0.0,0.0,3.9373196551724117E-4,3.4258717241379325E-4,0.0,0.0,4.787120689655171E-4,0.0061268500000000005,0.001243515379310345,1.4119229310344823,-0.00274128072413793,0.0,1.4294826206896549E-5,0.0,0.0,0.0,4.1119920000000007E-4,2.7012008620689637E-5,0.0,0.0016530031034482748,0.0,0.00825715468965517,0.059033737931034475,0.05826448241379311,0.13640140413793098,10.874622379310342,10.854187206896551,0.011036182758620686,0.0011669020344827585,0.0,0.0,0.0,0.0,2.3268900000000006E-4,0.04315413103448271,1.2710024827586205E-4,0.0,0.0,3.1691355172413794E-4,0.015067564827586203,0.0,0.001674339999999999,-0.011677493448275858,0.0,2.4672452068965514E-5,0.01189862724137931,0.0,3.3016040689655174E-4,0.011083627931034477,3.255862103448276E-4,0.0,0.0,0.0,0.0956315117241379,2.5217327586206902E-5,0.0,0.0,0.0,0.15125382206896543,0.15119049655172406,0.0,0.0,0.032562811724137934,1.0894153793103443,1.0740276551724135,0.0024497261034482753,0.0,0.0,2.997210344827588E-4,7.004454137931034E-5,0.0010118474137931037,5.122116551724135E-5,2.55133E-4,0.0,0.007316949655172407,0.04124393068965518,0.0,0.0,0.4937658896551723,0.496411748275862,0.0014744731724137931,0.0,0.025307443103448266,0.0,0.0116348324137931,0.0,0.09985948551724139,1.196935517241379E-4,0.0062290206896551716,0.02759435517241379,0.0,0.0,0.0,-1.5574482758619847E-4,0.0010379759999999997,0.0,0.0,0.0682727551724138,0.0,8.536823793103443E-4,0.0,0.0,0.022306336896551714,0.0,0.0,0.0,3.197898275862068E-4,0.0,0.0,0.0,0.0,0.0,0.0,0.0,-5.1165310344827516E-5,0.0,6.595172413793101E-4,0.0,0.006847312413793102,0.0,0.0,0.0,5.775267862068963E-4,2.562831758620695E-4,0.004858193137931041,0.008374924137931028,0.0,1.7235042448275856E-4,0.0,6.045209999999998E-4,6.024528965517238E-4,-1.306162068965477E-4,0.0,0.0,0.0,0.0,-1.3677689655171765E-4,0.0,6.051133827586206E-4,4.476254482758618E-4,0.0,0.009338565517241377,0.025981996896551705,0.0,3.1208313793103442E-6,3.170665517241379E-6,0.0,1.9134858620689678E-4,0.01968050034482758,0.0,0.0029007709655172404,1.234207862068965,0.0021210634827586185,0.002102830482758619,0.08596181931034481,0.0,0.0,0.0,2.2230798965517238,2.2367596896551722,0.0,0.0019161501724137926,-0.003440607241379314,
BNTUSDT,0.08624617103448276,0.08544430137931028,0.0,25.238694931034487,24.943597137931004,2.936131724137931E-4,3.628824195402299E-6,3.637510517241379E-6,-2.8394425287352856E-5,0.0,0.0,4.7385563218390804E-5,6.788920574712645E-4,1.9739253333333326E-4,0.0,0.0,2.1089417816091955E-4,1.7936709770114946E-4,0.0,0.0,7.555625862068968E-5,0.0021703517816091954,4.836298218390804E-4,0.2328179999999998,-0.0011550319367816095,0.0,6.054738390804597E-6,0.0,0.0,0.0,1.5309760344827587E-4,4.2396754022988465E-6,0.0,7.335320114942528E-4,0.0,0.003167090873563218,0.012122223965517247,0.011973799942528743,0.034506443908045976,3.221522816091953,3.2198502068965524,0.0036815063793103455,5.220667586206896E-4,0.0,0.0,0.0,0.0,9.869715517241383E-5,0.004772629885057462,6.483639022988504E-5,0.0,0.0,1.1227821264367814E-4,0.005610646954022988,0.0,6.528048218390805E-4,-0.005525481494252873,0.0,8.148793793103447E-6,0.004355934540229884,0.0,1.3321064770114948E-4,0.003286359999999999,1.752661712643678E-4,0.0,0.0,0.0,0.03842670126436782,9.493370689655174E-6,0.0,0.0,0.0,0.04054925988505746,0.040559073505747126,0.0,0.0,0.011082850057471269,0.21920389080459782,0.2163802298850576,9.907535862068966E-4,0.0,0.0,9.652123563218394E-5,3.764881609195402E-5,4.890587528735632E-4,2.0288643678160912E-5,1.1339468390804595E-4,0.0,0.0028310559195402294,0.019413048965517238,0.0,0.0,0.13056326494252873,0.13117179080459773,7.375948505747126E-4,0.0,0.009672972643678161,0.0,0.004598133793103448,0.0,0.04314031804597699,4.912021264367816E-5,0.0025767223563218393,0.00857172120689655,0.0,0.0,0.0,-1.995454022988114E-5,4.3240077586206887E-4,0.0,0.0,0.02098646724137931,0.0,3.634460287356319E-4,0.0,0.0,0.009213426034482759,0.0,0.0,0.0,1.124343333333333E-4,0.0,0.0,0.0,0.0,0.0,0.0,0.0,2.1723000000000002E-5,0.0,2.3254922988505744E-4,0.0,0.0026454916091954027,0.0,0.0,0.0,2.2248972241379312E-4,3.1597010574712633E-4,0.0033834513965517233,0.004574988908045976,0.0,7.142917931034482E-5,0.0,1.7165682183908047E-4,1.7172931609195398E-4,-1.4312816091952E-5,0.0,0.0,0.0,0.0,-1.568431034482459E-5,0.0,2.638981057471265E-4,1.871507011494253E-4,0.0,0.0036470553448275855,0.009234615057471258,0.0,1.0592470689655172E-6,1.0588904022988506E-6,0.0,2.998367241379303E-5,0.008916793620689655,0.0,7.199600804597698E-4,0.2622188505747126,1.1976279885057462E-4,1.1192692528735607E-4,0.01972621086206898,0.0,0.0,0.0,0.6075265574712646,0.6142728333333336,0.0,9.194785459770115E-4,-0.0014994917241379325,
BTCUSDC,164.63770839310348,159.40636196551714,25.238694931034487,0.0,116123.95104758622,0.19152839448275868,0.004520771744827587,0.004536563517241379,-0.10616777241378786,0.0,0.0,0.0238035827586207,0.3631072227586209,0.24041575689655176,0.0,0.0,-0.005719180689655184,-0.0732643124137931,0.0,0.0,0.16825665931034506,1.9324730827586207,0.2620074965517242,681.7687634482756,-0.8000087172413789,0.0,0.003894656241379312,0.0,0.0,0.0,0.08759773800000006,0.013950694310344807,0.0,0.3652898827586207,0.0,1.984055773103448,30.700855931034493,30.21084951724139,43.654234765517245,4546.508641379311,4525.550284137931,4.810591820689654,0.40829162206896563,0.0,0.0,0.0,0.0,0.04985694896551725,30.324383448275853,0.02924263165517241,0.0,0.0,0.0911862124137931,6.6608649586206905,0.0,0.40111147034482786,-1.1000757241379302,0.0,0.008633768337931036,1.468870868965517,0.0,0.09276240868965521,5.01587873103448,-0.02817603634482759,0.0,0.0,0.0,25.271565303448277,0.004905141586206897,0.0,0.0,0.0,56.90100226896549,56.518636248275854,0.0,0.0,8.600717248275862,509.0333337931035,502.4176213793101,0.8977717068965515,0.0,0.0,0.003120404827586505,-0.00719438213793101,0.4241665779310346,0.01253992393103448,0.03806071310344826,0.0,1.7364169517241361,8.524686289655174,0.0,0.0,220.30364310344825,221.13083613793094,0.5044614765517245,0.0,8.586602041379312,0.0,4.242133565517243,0.0,-6.660273165517267,0.026400845517241398,0.8666162620689658,10.05076313793103,0.0,0.0,0.0,-0.0921136068965465,0.2597797551724139,0.0,0.0,21.69268917241379,0.0,-0.5497254531034493,0.0,0.0,9.866932262068966,0.0,0.0,0.0,0.08781728206896543,0.0,0.0,0.0,0.0,0.0,0.0,0.0,-0.0176405337931034,0.0,0.19882564827586197,0.0,1.7907479310344836,0.0,0.0,0.0,0.1989949195172414,-0.6472850895172413,-8.600752155172414,3.3657086965517244,0.0,0.03011996888965519,0.0,0.2970596799999999,0.2952413406896551,-0.0785185862068932,0.0,0.0,0.0,0.0,-0.08669586896551301,0.0,0.2391416256551724,0.09556808620689655,0.0,2.537367331034482,11.488282924137932,0.0,8.685970758620688E-4,9.090373724137934E-4,0.0,-0.15479304965517207,4.536047710344831,0.0,1.3625012296551728,725.2190455172414,1.34209024137931,1.3280612013793094,27.454457034482758,0.0,0.0,0.0,826.5580868965518,843.2832213793102,0.0,0.7942074324137932,1.9256106689655177,
BTCUSDT,162.09350042758612,156.9633388620689,24.943597137931004,116123.95104758622,0.0,0.1877151841379308,0.004455534020689654,0.004471092137931032,-0.10271246206896047,0.0,0.0,0.023541686206896527,0.36070995379310294,0.2370645851724136,0.0,0.0,-0.00588625310344848,-0.07311522275862087,0.0,0.0,0.1683730420689658,1.9075179448275843,0.25736574137930995,671.4621565517242,-0.7914275517241365,0.0,0.0038268836896551686,0.0,0.0,0.0,0.0860064135172413,0.01372058196551722,0.0,0.36194681379310273,0.0,1.9377382903448244,30.315113999999998,29.837430275862076,43.02178135172413,4492.497934482756,4472.4334082758605,4.7572413034482715,0.40388392896551695,0.0,0.0,0.0,0.0,0.04926870413793092,29.891881379310334,0.028867822344827515,0.0,0.0,0.09030631241379306,6.571432096551721,0.0,0.3914423082758614,-1.087193655172408,0.0,0.00853153533793103,1.4184910758620646,0.0,0.09133080765517233,4.962810179310342,-0.028178199793103674,0.0,0.0,0.0,24.903420786206866,0.004809651586206885,0.0,0.0,0.0,56.104648993103424,55.729147972413784,0.0,0.0,8.436670213793095,502.2784062068963,495.9912455172412,0.8867829448275856,0.0,0.0,-6.23310344831613E-6,-0.0074096507586207195,0.4217592882758616,0.012356497034482734,0.037434288965517135,0.0,1.699424158620686,8.397583668965508,0.0,0.0,217.25686068965516,218.0350633793103,0.5008088489655169,0.0,8.479130075862065,0.0,4.203705186206895,0.0,-6.670793855172478,0.02603263862068961,0.8364256413793086,9.905097689655165,0.0,0.0,0.0,-0.08905646896551224,0.25627218275862035,0.0,0.0,21.37872503448274,0.0,-0.5430144565517252,0.0,0.0,9.726692365517236,0.0,0.0,0.0,0.08517021999999984,0.0,0.0,0.0,0.0,0.0,0.0,0.0,-0.016807816551724173,0.0,0.19611168275862045,0.0,1.7702682068965498,0.0,0.0,0.0,0.19681784089655152,-0.6399361705517247,-8.55064212413794,3.3073986965517226,0.0,0.02932687899310339,0.0,0.29309425241379294,0.29133331655172406,-0.07555662068965201,0.0,0.0,0.0,0.0,-0.0834164896551684,0.0,0.23665513634482743,0.09408189999999986,0.0,2.507835227586204,11.317192717241376,0.0,8.555425931034476E-4,8.954164068965512E-4,0.0,-0.16195669793103462,4.4489976068965476,0.0,1.3463440227586205,715.616576551724,1.3198501206896558,1.3063785737931035,27.050105551724137,0.0,0.0,0.0,817.6191972413794,834.102348965517,0.0,0.7863834841379304,1.9063096689655215,
BTSUSDT,8.283841103448273E-4,8.153436896551725E-4,2.936131724137931E-4,0.19152839448275868,0.1877151841379308,0.0,3.011264827586207E-8,2.998231034482758E-8,-3.4666206896549224E-7,0.0,0.0,3.4752068965517256E-7,3.5738544827586197E-6,1.5951744827586209E-6,0.0,0.0,1.8766062068965518E-6,1.5169489655172414E-6,0.0,0.0,-7.039310344827262E-9,1.7506420689655168E-5,4.030303448275863E-6,0.002286917931034482,-9.06773448275862E-6,0.0,4.9074999999999994E-8,0.0,0.0,0.0,1.3767908965517241E-6,4.925362068965515E-8,0.0,6.009441379310345E-6,0.0,2.9301798620689666E-5,1.0833917241379318E-4,1.071788965517242E-4,3.994345724137931E-4,0.026169496551724136,0.026148331724137927,2.7709358620689655E-5,3.7564593103448266E-6,0.0,0.0,0.0,0.0,8.373262068965519E-7,4.990999999999994E-5,5.197487586206896E-7,0.0,0.0,8.628544827586207E-7,4.3639668965517245E-5,0.0,6.5276800000000005E-6,-4.6606551724137934E-5,0.0,7.104625517241379E-8,4.0424848275862074E-5,0.0,1.0912588275862068E-6,2.648667586206897E-5,1.517635103448276E-6,0.0,0.0,0.0,3.053811862068966E-4,8.30026896551724E-8,0.0,0.0,0.0,3.5100404827586207E-4,3.5092364137931045E-4,0.0,0.0,9.563329655172416E-5,0.0021031875862068975,0.0020864227586206902,7.3133724137931014E-6,0.0,0.0,1.5841731034482758E-6,3.717928965517241E-7,2.3023889655172414E-6,1.6914593103448275E-7,9.609048275862072E-7,0.0,2.2952579310344825E-5,1.2620342068965517E-4,0.0,0.0,0.0011591427586206905,0.0011637732413793105,4.7346641379310345E-6,0.0,7.786281379310346E-5,0.0,3.056652413793104E-5,0.0,4.033373310344828E-4,4.4769172413793107E-7,2.4750544827586213E-5,7.643744827586208E-5,0.0,0.0,0.0,-2.815103448275612E-7,3.4997551724137938E-6,0.0,0.0,1.941178620689655E-4,0.0,3.734299310344827E-6,0.0,0.0,5.8783165517241375E-5,0.0,0.0,0.0,1.1174427586206892E-6,0.0,0.0,0.0,0.0,0.0,0.0,0.0,-1.662206896551735E-8,0.0,1.922234482758621E-6,0.0,2.2805137931034483E-5,0.0,0.0,0.0,1.647515103448276E-6,3.5260514482758618E-6,4.6628562068965516E-5,3.0846779310344835E-5,0.0,6.778501517241379E-7,0.0,1.2803020689655173E-6,1.2790944827586206E-6,-2.328965517241318E-7,0.0,0.0,0.0,0.0,-2.164689655172258E-7,0.0,1.8273580000000002E-6,1.3554000000000002E-6,0.0,2.915892413793104E-5,6.855977241379309E-5,0.0,9.476848275862065E-9,9.469082758620689E-9,0.0,2.249402758620689E-6,7.28670620689655E-5,0.0,5.891678620689657E-6,0.0022234468965517244,2.401420689655171E-6,2.340586896551723E-6,1.9466372413793115E-4,0.0,0.0,0.0,0.005066602068965519,0.0050755710344827605,0.0,5.883152413793105E-6,-1.558147586206898E-5,
BTTUSDC,1.1850377862068964E-5,1.1678435172413789E-5,3.628824195402299E-6,0.004520771744827587,0.004455534020689654,3.011264827586207E-8,0.0,4.878905172413792E-10,-5.545735632183586E-9,0.0,0.0,4.4920114942528725E-9,5.343882298850575E-8,2.520587816091954E-8,0.0,0.0,1.7816426436781607E-8,1.427088390804598E-8,0.0,0.0,3.920203448275869E-9,2.2697757471264365E-7,5.3779994252873554E-8,3.8734648275862054E-5,-1.1439876436781609E-7,0.0,6.396149425287356E-10,0.0,0.0,0.0,1.5451456551724135E-8,8.116033333333324E-10,0.0,7.539277011494251E-8,0.0,3.130593701149425E-7,2.048405689655173E-6,2.012964080459771E-6,4.0094543908045985E-6,3.8668978160919545E-4,3.857762344827586E-4,4.213627931034482E-7,5.7764131034482757E-8,0.0,0.0,0.0,0.0,1.0744789655172415E-8,1.0784850574712638E-6,5.680171609195401E-9,0.0,0.0,1.24289091954023E-8,5.851837126436783E-7,0.0,6.524667701149423E-8,-5.099239080459768E-7,0.0,1.0002619310344828E-9,3.776081264367814E-7,0.0,1.4196218045977011E-8,4.355742758620691E-7,1.4428220229885052E-8,0.0,0.0,0.0,4.064846298850574E-6,1.085985172413793E-9,0.0,0.0,0.0,5.18734664367816E-6,5.172377781609195E-6,0.0,0.0,1.4177739885057474E-6,3.258670459770115E-5,3.1816864367816094E-5,1.1289344827586205E-7,0.0,0.0,4.436918390804599E-9,3.442387126436781E-9,6.420275977011495E-8,2.2939050574712637E-9,1.1964808045977011E-8,0.0,2.983352988505746E-7,1.8165709655172414E-6,0.0,0.0,1.782138908045977E-5,1.7863672183908047E-5,7.805300229885057E-8,0.0,1.0354341609195403E-6,0.0,5.105595862068966E-7,0.0,3.5743816321839073E-6,4.572398850574713E-9,2.611475977011493E-7,1.0056108620689654E-6,0.0,0.0,0.0,-4.746333333332991E-9,4.335077586206895E-8,0.0,0.0,2.4293437931034483E-6,0.0,9.717794252873546E-9,0.0,0.0,1.1962371379310345E-6,0.0,0.0,0.0,1.18973540229885E-8,0.0,0.0,0.0,0.0,0.0,0.0,0.0,-3.8112413793103456E-10,0.0,2.8033298850574706E-8,0.0,2.460667816091954E-7,0.0,0.0,0.0,2.8002385172413793E-8,1.6572470574712638E-8,1.5417539655172396E-7,4.362045632183908E-7,0.0,6.6517695172413795E-9,0.0,2.3804525287356322E-8,2.37723367816092E-8,-4.1817816091952926E-9,0.0,0.0,0.0,0.0,-3.910310344827326E-9,0.0,2.740533954022988E-8,1.9747804597701146E-8,0.0,3.8450644827586203E-7,1.0647569885057468E-6,0.0,1.2613479310344824E-10,1.2689509195402298E-10,0.0,2.503748275862043E-9,8.972009310344827E-7,0.0,1.0686960459770117E-7,3.938596781609197E-5,4.889555747126437E-8,4.7365470114942535E-8,2.465018793103449E-6,0.0,0.0,0.0,7.117815747126438E-5,7.169698505747126E-5,0.0,9.782471149425288E-8,-1.2776937931034486E-7,
BTTUSDT,1.1836771724137929E-5,1.1666038620689654E-5,3.637510517241379E-6,0.004536563517241379,0.004471092137931032,2.998231034482758E-8,4.878905172413792E-10,0.0,-5.581896551723815E-9,0.0,0.0,4.526310344827587E-9,5.352248275862066E-8,2.5301365517241377E-8,0.0,0.0,1.788405172413793E-8,1.4311051724137929E-8,0.0,0.0,3.968431034482757E-9,2.2826534482758615E-7,5.4143224137931026E-8,3.876272413793102E-5,-1.1424784482758619E-7,0.0,6.434351724137928E-10,0.0,0.0,0.0,1.5494320689655164E-8,8.09403103448275E-10,0.0,7.577189655172411E-8,0.0,3.135053448275861E-7,2.0528843103448283E-6,2.0171674137931034E-6,3.959467931034484E-6,3.870812413793103E-4,3.861211034482758E-4,4.225343103448274E-7,5.834834482758619E-8,0.0,0.0,0.0,0.0,1.0784120689655173E-8,1.077931034482758E-6,5.675532758620689E-9,0.0,0.0,1.2538603448275855E-8,5.851670689655172E-7,0.0,6.510925862068965E-8,-5.100334482758618E-7,0.0,1.004972068965517E-9,3.7657017241379294E-7,0.0,1.424498448275862E-8,4.378127586206896E-7,1.4388706896551719E-8,0.0,0.0,0.0,4.0901144827586195E-6,1.0892155172413791E-9,0.0,0.0,0.0,5.219253103448274E-6,5.2043798275862055E-6,0.0,0.0,1.426991206896552E-6,3.2518017241379314E-5,3.174875862068965E-5,1.1376362068965515E-7,0.0,0.0,4.115189655172419E-9,3.4619758620689647E-9,6.504256896551723E-8,2.3079896551724136E-9,1.2029672413793098E-8,0.0,3.017063793103447E-7,1.83843724137931E-6,0.0,0.0,1.7859174137931034E-5,1.791293103448276E-5,7.852224137931035E-8,0.0,1.0378079310344826E-6,0.0,5.156548275862068E-7,0.0,3.5919634482758613E-6,4.587810344827585E-9,2.6221982758620676E-7,1.0069446551724133E-6,0.0,0.0,0.0,-4.811206896551383E-9,4.351260344827586E-8,0.0,0.0,2.433818965517241E-6,0.0,8.910534482758606E-9,0.0,0.0,1.2101770689655169E-6,0.0,0.0,0.0,1.1868379310344823E-8,0.0,0.0,0.0,0.0,0.0,0.0,0.0,-4.155517241379313E-10,0.0,2.826872413793103E-8,0.0,2.455075862068966E-7,0.0,0.0,0.0,2.8232560344827574E-8,1.6254248275862065E-8,1.5233136206896535E-7,4.4030844827586183E-7,0.0,6.6539096551724105E-9,0.0,2.397381034482758E-8,2.3940706896551722E-8,-4.215689655172297E-9,0.0,0.0,0.0,0.0,-3.949137931034216E-9,0.0,2.753021034482758E-8,1.994693103448275E-8,0.0,3.8675396551724133E-7,1.0714744827586205E-6,0.0,1.2632431034482759E-10,1.2714465517241377E-10,0.0,2.3396724137930824E-9,9.015463793103446E-7,0.0,1.076252068965517E-7,3.9410896551724134E-5,4.879425862068965E-8,4.727308620689655E-8,2.4733750000000003E-6,0.0,0.0,0.0,7.101977586206897E-5,7.160932758620688E-5,0.0,9.861577586206895E-8,-1.2796931034482763E-7,
BUSDUSDT,-1.8025489655171506E-4,-1.7296827586206042E-4,-2.8394425287352856E-5,-0.10616777241378786,-0.10271246206896047,-3.4666206896549224E-7,-5.545735632183586E-9,-5.581896551723815E-9,0.0,0.0,0.0,-3.191954022988191E-8,-2.133149425286483E-7,-2.677183908045775E-7,0.0,0.0,-1.4160804597699587E-7,-1.1943678160906838E-8,0.0,0.0,3.953413793103406E-7,-2.8396666666664554E-6,-5.090747126436463E-7,-6.727655172413569E-4,5.691321839079403E-7,0.0,-6.385057471263778E-9,0.0,0.0,0.0,-1.2657448275861095E-7,-1.8002873563217626E-8,0.0,-5.64126436781552E-7,0.0,-3.005078160919335E-6,-3.0095689655171203E-5,-2.923660919540113E-5,-4.819457471264228E-5,-0.004211563218390481,-0.004140799999999677,-3.9885862068962095E-6,-4.6407586206891813E-7,0.0,0.0,0.0,0.0,-8.027931034481806E-8,-2.9004597701148275E-5,-5.174563218390303E-8,0.0,0.0,-9.650459770114352E-8,-7.070425287355867E-6,0.0,-6.668402298850053E-7,1.8678160919537061E-6,0.0,-9.40806896551663E-9,-2.8577356321836827E-6,0.0,-1.3074402298849404E-7,-4.8877931034479315E-6,-8.790390804596718E-8,0.0,0.0,0.0,-3.2850252873559995E-5,-1.0090689655171583E-8,0.0,0.0,0.0,-6.667887356321466E-5,-6.557152873562852E-5,0.0,0.0,-1.6609804597700108E-5,-5.080195402298598E-4,-4.8596321839078046E-4,-1.0932758620688698E-6,0.0,0.0,-1.738747126436658E-7,-2.5102528735629664E-8,-2.501712643677722E-7,-1.9891494252871957E-8,-9.91919540229799E-8,0.0,-3.5160804597699335E-6,-1.406420689655046E-5,0.0,0.0,-2.5753850574711235E-4,-2.6052091954021516E-4,-3.801011494252137E-7,0.0,-8.057218390803708E-6,0.0,-3.683862068965151E-6,0.0,-1.909457471264082E-5,-4.173908045976613E-8,-2.553436781609022E-6,-1.217982758620608E-5,0.0,0.0,0.0,3.0573563218388235E-7,-3.5963793103444885E-7,0.0,0.0,-2.9483793103446153E-5,0.0,1.1079425287355753E-7,0.0,0.0,-1.2791482758619667E-5,0.0,0.0,0.0,-2.3112873563217097E-7,0.0,0.0,0.0,0.0,0.0,0.0,0.0,9.494482758621495E-8,0.0,-2.754942528735422E-7,0.0,-2.16528735632161E-6,0.0,0.0,0.0,-2.2059068965515233E-7,1.6687057471263415E-7,1.7776034482756603E-6,-6.473712643677786E-6,0.0,-6.245324137930526E-8,0.0,-3.382333333333121E-7,-3.343528735631974E-7,2.9683908045974873E-7,0.0,0.0,0.0,0.0,3.027931034482523E-7,0.0,-2.138156321838812E-7,-1.4940229885056235E-7,0.0,-3.181827586206632E-6,-1.4527494252872611E-5,0.0,-1.2976206896550776E-9,-1.3235287356320873E-9,0.0,-3.8532068965515534E-7,-7.722517241378585E-6,0.0,-1.3533954022987643E-6,-7.433770114942166E-4,-1.6644080459769764E-6,-1.63308160919537E-6,-3.121120689655027E-5,0.0,0.0,0.0,-6.564977011493834E-4,-6.841183908045526E-4,0.0,-7.367367816091072E-7,-4.452413793105623E-7,
BZRXUSDT,0.0,0.0,0.0,0.0,0.0,0.0,0.0,0.0,0.0,0.0,0.0,0.0,0.0,0.0,0.0,0.0,0.0,0.0,0.0,0.0,0.0,0.0,0.0,0.0,0.0,0.0,0.0,0.0,0.0,0.0,0.0,0.0,0.0,0.0,0.0,0.0,0.0,0.0,0.0,0.0,0.0,0.0,0.0,0.0,0.0,0.0,0.0,0.0,0.0,0.0,0.0,0.0,0.0,0.0,0.0,0.0,0.0,0.0,0.0,0.0,0.0,0.0,0.0,0.0,0.0,0.0,0.0,0.0,0.0,0.0,0.0,0.0,0.0,0.0,0.0,0.0,0.0,0.0,0.0,0.0,0.0,0.0,0.0,0.0,0.0,0.0,0.0,0.0,0.0,0.0,0.0,0.0,0.0,0.0,0.0,0.0,0.0,0.0,0.0,0.0,0.0,0.0,0.0,0.0,0.0,0.0,0.0,0.0,0.0,0.0,0.0,0.0,0.0,0.0,0.0,0.0,0.0,0.0,0.0,0.0,0.0,0.0,0.0,0.0,0.0,0.0,0.0,0.0,0.0,0.0,0.0,0.0,0.0,0.0,0.0,0.0,0.0,0.0,0.0,0.0,0.0,0.0,0.0,0.0,0.0,0.0,0.0,0.0,0.0,0.0,0.0,0.0,0.0,0.0,0.0,0.0,0.0,0.0,0.0,0.0,0.0,0.0,0.0,0.0,0.0,0.0,0.0,0.0,0.0,0.0,0.0,0.0,0.0,0.0,0.0,0.0,0.0,
CELOUSDT,0.0,0.0,0.0,0.0,0.0,0.0,0.0,0.0,0.0,0.0,0.0,0.0,0.0,0.0,0.0,0.0,0.0,0.0,0.0,0.0,0.0,0.0,0.0,0.0,0.0,0.0,0.0,0.0,0.0,0.0,0.0,0.0,0.0,0.0,0.0,0.0,0.0,0.0,0.0,0.0,0.0,0.0,0.0,0.0,0.0,0.0,0.0,0.0,0.0,0.0,0.0,0.0,0.0,0.0,0.0,0.0,0.0,0.0,0.0,0.0,0.0,0.0,0.0,0.0,0.0,0.0,0.0,0.0,0.0,0.0,0.0,0.0,0.0,0.0,0.0,0.0,0.0,0.0,0.0,0.0,0.0,0.0,0.0,0.0,0.0,0.0,0.0,0.0,0.0,0.0,0.0,0.0,0.0,0.0,0.0,0.0,0.0,0.0,0.0,0.0,0.0,0.0,0.0,0.0,0.0,0.0,0.0,0.0,0.0,0.0,0.0,0.0,0.0,0.0,0.0,0.0,0.0,0.0,0.0,0.0,0.0,0.0,0.0,0.0,0.0,0.0,0.0,0.0,0.0,0.0,0.0,0.0,0.0,0.0,0.0,0.0,0.0,0.0,0.0,0.0,0.0,0.0,0.0,0.0,0.0,0.0,0.0,0.0,0.0,0.0,0.0,0.0,0.0,0.0,0.0,0.0,0.0,0.0,0.0,0.0,0.0,0.0,0.0,0.0,0.0,0.0,0.0,0.0,0.0,0.0,0.0,0.0,0.0,0.0,0.0,0.0,0.0,
CELRUSDT,9.51400344827586E-5,9.463637931034479E-5,4.7385563218390804E-5,0.0238035827586207,0.023541686206896527,3.4752068965517256E-7,4.4920114942528725E-9,4.526310344827587E-9,-3.191954022988191E-8,0.0,0.0,0.0,8.413873563218394E-7,2.3806632183908048E-7,0.0,0.0,3.041390804597702E-7,2.7383678160919546E-7,0.0,0.0,1.2612068965517234E-7,2.716494252873564E-6,6.780126436781611E-7,2.5773793103448233E-4,-1.1643425287356321E-6,0.0,7.7016091954023E-9,0.0,0.0,0.0,2.1029827586206904E-7,4.547183908045974E-9,0.0,9.789195402298854E-7,0.0,3.7549540229885064E-6,1.5205034482758628E-5,1.5354229885057475E-5,4.696340229885061E-5,0.003656670114942528,0.0036562931034482766,4.210344827586209E-6,7.452724137931034E-7,0.0,0.0,0.0,0.0,1.2545862068965521E-7,4.426321839080449E-6,8.42528735632184E-8,0.0,0.0,1.6509770114942528E-7,7.150701149425288E-6,0.0,7.929057471264372E-7,-6.552850574712645E-6,0.0,9.980724137931035E-9,5.508563218390805E-6,0.0,1.7071643678160926E-7,3.929206896551726E-6,2.3217839080459775E-7,0.0,0.0,0.0,5.07882183908046E-5,1.1752413793103452E-8,0.0,0.0,0.0,4.76872183908046E-5,4.7617183908045986E-5,0.0,0.0,1.4618666666666671E-5,2.3079885057471282E-4,2.2894252873563236E-4,1.3318655172413797E-6,0.0,0.0,1.2526436781609211E-7,5.989252873563221E-8,6.832091954022989E-7,2.7411839080459778E-8,1.643988505747126E-7,0.0,4.049390804597701E-6,2.9406413793103446E-5,0.0,0.0,1.4251402298850582E-4,1.4427643678160924E-4,9.674011494252873E-7,0.0,1.1337390804597705E-5,0.0,6.219896551724139E-6,0.0,5.6934471264367815E-5,7.155632183908047E-8,3.480471264367817E-6,1.0097793103448275E-5,0.0,0.0,0.0,-2.163218390804077E-8,5.989137931034484E-7,0.0,0.0,2.6220344827586207E-5,0.0,5.88429885057471E-7,0.0,0.0,1.2418827586206896E-5,0.0,0.0,0.0,1.6019080459770113E-7,0.0,0.0,0.0,0.0,0.0,0.0,0.0,1.7213793103448284E-8,0.0,3.042183908045977E-7,0.0,3.288045977011495E-6,0.0,0.0,0.0,2.9943448275862074E-7,4.816952873563221E-7,5.810127586206896E-6,7.0899885057471246E-6,0.0,9.879124137931037E-8,0.0,2.1047816091954022E-7,2.1062873563218393E-7,-1.521839080459584E-8,0.0,0.0,0.0,0.0,-1.331034482758279E-8,0.0,3.2029045977011493E-7,2.6480229885057467E-7,0.0,4.657689655172413E-6,1.1481977011494252E-5,0.0,1.2799999999999997E-9,1.2827701149425284E-9,0.0,1.4315862068965525E-7,1.1680620689655172E-5,0.0,7.865712643678158E-7,2.9443563218390804E-4,4.7445977011494134E-8,4.651609195402285E-8,2.422855172413795E-5,0.0,0.0,0.0,6.972459770114945E-4,7.065459770114942E-4,0.0,1.1989057471264367E-6,-8.04241379310346E-7,
CHRUSDT,8.269015793103452E-4,8.303650689655168E-4,6.788920574712645E-4,0.3631072227586209,0.36070995379310294,3.5738544827586197E-6,5.343882298850575E-8,5.352248275862066E-8,-2.133149425286483E-7,0.0,0.0,8.413873563218394E-7,0.0,3.38021643678161E-6,0.0,0.0,2.536982298850575E-6,2.79100735632184E-6,0.0,0.0,2.1418841379310333E-6,2.8643291954022986E-5,7.85707356321839E-6,0.00192548206896551,-1.9651978160919544E-5,0.0,9.135790804597701E-8,0.0,0.0,0.0,1.9959970344827585E-6,2.0661436781609197E-8,0.0,1.1313052873563217E-5,0.0,3.85442404597701E-5,1.3680555172413796E-4,1.3269718390804613E-4,1.2240374942528766E-4,0.0502787816091954,0.05026142344827587,6.364040000000005E-5,1.0342047586206899E-5,0.0,0.0,0.0,0.0,1.7028220689655172E-6,1.9154712643678074E-5,1.1797073333333332E-6,0.0,0.0,1.7448857471264371E-6,1.0987769885057475E-4,0.0,7.6040659770114946E-6,-8.50370114942529E-5,0.0,1.1475584827586208E-7,5.6038347126436754E-5,0.0,2.270700942528736E-6,5.6184289655172436E-5,1.997190643678161E-6,0.0,0.0,0.0,6.048254574712643E-4,1.3754558620689665E-7,0.0,0.0,0.0,5.495384574712643E-4,5.433275885057473E-4,0.0,0.0,1.5882889885057477E-4,0.002294758390804599,0.002236407126436783,1.919297241379311E-5,0.0,0.0,-3.753754022988502E-7,4.996825057471264E-7,1.2426981149425288E-5,3.1115774712643684E-7,1.6989790804597698E-6,0.0,4.562651264367815E-5,4.0293720000000004E-4,0.0,0.0,0.0019336673563218395,0.0019279248045977017,1.6825507126436783E-5,0.0,1.6152858850574712E-4,0.0,9.659109655172415E-5,0.0,5.091811632183907E-4,5.980519540229884E-7,3.421446666666666E-5,1.3022320689655168E-4,0.0,0.0,0.0,-6.18574712642428E-8,6.633186206896554E-6,0.0,0.0,2.97453172413793E-4,0.0,3.8784708045977E-6,0.0,0.0,1.9682780000000003E-4,0.0,0.0,0.0,1.5108802298850575E-6,0.0,0.0,0.0,0.0,0.0,0.0,0.0,1.2686565517241383E-6,0.0,3.5702885057471267E-6,0.0,3.667064367816093E-5,0.0,0.0,0.0,4.008996620689655E-6,1.461266367816094E-6,-1.3828817241379321E-5,1.1132357701149424E-4,0.0,7.527969517241379E-7,0.0,2.9326128735632194E-6,2.9306181609195413E-6,-1.7678160919456202E-8,0.0,0.0,0.0,0.0,-1.0256551724128946E-7,0.0,5.656329816091955E-6,3.4340390804597707E-6,0.0,5.919617931034483E-5,1.859250091954022E-4,0.0,1.2829531034482753E-8,1.2710354022988507E-8,0.0,-2.4441200000000014E-6,1.513513172413793E-4,0.0,1.1109477701149423E-5,0.0037449622988505768,-3.375280459770111E-6,-3.654716781609196E-6,1.5768368965517248E-4,0.0,0.0,0.0,0.009276045057471262,0.009375124367816092,0.0,2.089685563218391E-5,1.1218896551723988E-6,
CHZUSDT,6.082428448275862E-4,5.985144344827583E-4,1.9739253333333326E-4,0.24041575689655176,0.2370645851724136,1.5951744827586209E-6,2.520587816091954E-8,2.5301365517241377E-8,-2.677183908045775E-7,0.0,0.0,2.3806632183908048E-7,3.38021643678161E-6,0.0,0.0,0.0,8.309398850574709E-7,7.4146908045977E-7,0.0,0.0,2.0861724137931064E-7,1.2189929885057468E-5,2.841205632183908E-6,0.002009003103448275,-6.325211609195404E-6,0.0,3.375948390804597E-8,0.0,0.0,0.0,7.983589655172412E-7,4.077481264367811E-8,0.0,4.060404597701149E-6,0.0,1.6022484597701146E-5,1.0150787241379317E-4,9.959864252873568E-5,1.8941589770114952E-4,0.021167752643678157,0.021109128275862067,2.3317451724137934E-5,3.1754306896551723E-6,0.0,0.0,0.0,0.0,6.037358620689655E-7,5.3446436781609155E-5,3.1414822988505745E-7,0.0,0.0,6.486526436781608E-7,3.2591367816091956E-5,0.0,3.2944825287356313E-6,-2.77799459770115E-5,0.0,5.4654706896551725E-8,1.938751264367815E-5,0.0,7.71206977011494E-7,2.4796244827586204E-5,6.72999091954023E-7,0.0,0.0,0.0,2.2047104022988504E-4,5.927472413793104E-8,0.0,0.0,0.0,2.874275781609195E-4,2.861392333333334E-4,0.0,0.0,7.080915747126439E-5,0.0016896952873563225,0.0016537812643678165,6.4799475862068955E-6,0.0,0.0,1.1909873563218408E-7,1.6605867816091955E-7,3.3711204597701147E-6,1.2142354022988507E-7,6.299256321839079E-7,0.0,1.5196205747126433E-5,9.638442413793103E-5,0.0,0.0,0.0010082873908045977,0.0010120859770114943,4.5038916091954034E-6,0.0,5.7727074712643676E-5,0.0,2.8593934482758622E-5,0.0,1.8153441494252873E-4,2.1775402298850572E-7,1.3938404597701148E-5,5.650489310344828E-5,0.0,0.0,0.0,-2.2478505747124094E-7,2.3201958620689657E-6,0.0,0.0,1.295271724137931E-4,0.0,5.7406666666665704E-8,0.0,0.0,6.60400724137931E-5,0.0,0.0,0.0,6.132533333333331E-7,0.0,0.0,0.0,0.0,0.0,0.0,0.0,5.048482758620689E-8,0.0,1.5209309195402297E-6,0.0,1.3587143678160924E-5,0.0,0.0,0.0,1.534875620689655E-6,5.640489195402296E-7,2.452970689655169E-6,2.4525242528735626E-5,0.0,3.420494172413793E-7,0.0,1.2857318390804595E-6,1.2834447126436782E-6,-1.9570229885056437E-7,0.0,0.0,0.0,0.0,-1.8160344827584425E-7,0.0,1.6076219540229886E-6,1.037087701149425E-6,0.0,2.1665431034482754E-5,5.8587029885057455E-5,0.0,6.562855172413794E-9,6.589695402298849E-9,0.0,-9.791103448275982E-8,4.7579844827586204E-5,0.0,6.220848735632184E-6,0.0021254029885057466,2.2211529885057466E-6,2.121317356321839E-6,1.3063713103448281E-4,0.0,0.0,0.0,0.003777040229885058,0.0037890216091954025,0.0,5.675177011494253E-6,-5.587675862068969E-6,
CKBUSDT,0.0,0.0,0.0,0.0,0.0,0.0,0.0,0.0,0.0,0.0,0.0,0.0,0.0,0.0,0.0,0.0,0.0,0.0,0.0,0.0,0.0,0.0,0.0,0.0,0.0,0.0,0.0,0.0,0.0,0.0,0.0,0.0,0.0,0.0,0.0,0.0,0.0,0.0,0.0,0.0,0.0,0.0,0.0,0.0,0.0,0.0,0.0,0.0,0.0,0.0,0.0,0.0,0.0,0.0,0.0,0.0,0.0,0.0,0.0,0.0,0.0,0.0,0.0,0.0,0.0,0.0,0.0,0.0,0.0,0.0,0.0,0.0,0.0,0.0,0.0,0.0,0.0,0.0,0.0,0.0,0.0,0.0,0.0,0.0,0.0,0.0,0.0,0.0,0.0,0.0,0.0,0.0,0.0,0.0,0.0,0.0,0.0,0.0,0.0,0.0,0.0,0.0,0.0,0.0,0.0,0.0,0.0,0.0,0.0,0.0,0.0,0.0,0.0,0.0,0.0,0.0,0.0,0.0,0.0,0.0,0.0,0.0,0.0,0.0,0.0,0.0,0.0,0.0,0.0,0.0,0.0,0.0,0.0,0.0,0.0,0.0,0.0,0.0,0.0,0.0,0.0,0.0,0.0,0.0,0.0,0.0,0.0,0.0,0.0,0.0,0.0,0.0,0.0,0.0,0.0,0.0,0.0,0.0,0.0,0.0,0.0,0.0,0.0,0.0,0.0,0.0,0.0,0.0,0.0,0.0,0.0,0.0,0.0,0.0,0.0,0.0,0.0,
COMPUSDT,0.0,0.0,0.0,0.0,0.0,0.0,0.0,0.0,0.0,0.0,0.0,0.0,0.0,0.0,0.0,0.0,0.0,0.0,0.0,0.0,0.0,0.0,0.0,0.0,0.0,0.0,0.0,0.0,0.0,0.0,0.0,0.0,0.0,0.0,0.0,0.0,0.0,0.0,0.0,0.0,0.0,0.0,0.0,0.0,0.0,0.0,0.0,0.0,0.0,0.0,0.0,0.0,0.0,0.0,0.0,0.0,0.0,0.0,0.0,0.0,0.0,0.0,0.0,0.0,0.0,0.0,0.0,0.0,0.0,0.0,0.0,0.0,0.0,0.0,0.0,0.0,0.0,0.0,0.0,0.0,0.0,0.0,0.0,0.0,0.0,0.0,0.0,0.0,0.0,0.0,0.0,0.0,0.0,0.0,0.0,0.0,0.0,0.0,0.0,0.0,0.0,0.0,0.0,0.0,0.0,0.0,0.0,0.0,0.0,0.0,0.0,0.0,0.0,0.0,0.0,0.0,0.0,0.0,0.0,0.0,0.0,0.0,0.0,0.0,0.0,0.0,0.0,0.0,0.0,0.0,0.0,0.0,0.0,0.0,0.0,0.0,0.0,0.0,0.0,0.0,0.0,0.0,0.0,0.0,0.0,0.0,0.0,0.0,0.0,0.0,0.0,0.0,0.0,0.0,0.0,0.0,0.0,0.0,0.0,0.0,0.0,0.0,0.0,0.0,0.0,0.0,0.0,0.0,0.0,0.0,0.0,0.0,0.0,0.0,0.0,0.0,0.0,
COSUSDT,3.9658723448275814E-4,3.9373196551724117E-4,2.1089417816091955E-4,-0.005719180689655184,-0.00588625310344848,1.8766062068965518E-6,1.7816426436781607E-8,1.788405172413793E-8,-1.4160804597699587E-7,0.0,0.0,3.041390804597702E-7,2.536982298850575E-6,8.309398850574709E-7,0.0,0.0,0.0,1.635657356321839E-6,0.0,0.0,4.2452724137930956E-7,1.1951136781609193E-5,3.0740477011494253E-6,7.21964827586206E-4,-5.1172385057471255E-6,0.0,3.566345977011495E-8,0.0,0.0,0.0,1.038204275862069E-6,1.507105747126435E-8,0.0,4.592345977011494E-6,0.0,1.9157478390804597E-5,4.371894827586211E-5,4.391892528735632E-5,2.5241047356321843E-4,0.013449654022988504,0.013464026896551719,1.4215348275862069E-5,2.7330372413793096E-6,0.0,0.0,0.0,0.0,5.860306896551724E-7,-1.6887356321839524E-6,3.741406091954021E-7,0.0,0.0,7.117633333333333E-7,2.493909540229885E-5,0.0,4.465753908045977E-6,-3.121432183908046E-5,0.0,3.941253793103446E-8,3.0120812643678166E-5,0.0,7.103745632183908E-7,1.2147186206896552E-5,1.3947168505747126E-6,0.0,0.0,0.0,2.1969307816091955E-4,5.61895517241379E-8,0.0,0.0,0.0,1.7976966436781598E-4,1.7995205402298846E-4,0.0,0.0,7.393726091954025E-5,8.243808045977013E-4,8.186967816091963E-4,4.956613793103448E-6,0.0,0.0,1.3594263218390807E-6,3.4388043678160915E-7,1.915148390804598E-6,1.274774022988506E-7,7.900014942528736E-7,0.0,1.831921954022988E-5,1.1601392413793099E-4,0.0,0.0,4.5726511494252885E-4,4.7042859770114954E-4,3.268169195402299E-6,0.0,4.62992091954023E-5,0.0,2.2492510344827586E-5,0.0,3.4712361149425277E-4,3.623019540229884E-7,1.8459690804597696E-5,3.9786913793103436E-5,0.0,0.0,0.0,-1.319781609195228E-7,2.6777637931034476E-6,0.0,0.0,1.1311162068965516E-4,0.0,4.5417690804597686E-6,0.0,0.0,3.945326551724137E-5,0.0,0.0,0.0,8.080905747126438E-7,0.0,0.0,0.0,0.0,0.0,0.0,0.0,-1.3905517241379335E-8,0.0,1.3060988505747124E-6,0.0,1.584885057471264E-5,0.0,0.0,0.0,1.1308647241379313E-6,4.029950505747126E-6,5.7451156896551716E-5,2.44111459770115E-5,0.0,4.995321586206895E-7,0.0,6.400594252873563E-7,6.416957471264365E-7,-1.0690229885057285E-7,0.0,0.0,0.0,0.0,-6.958275862067719E-8,0.0,1.0394374022988505E-6,1.1228459770114941E-6,0.0,2.0282162068965514E-5,4.018100919540228E-5,0.0,6.170168965517242E-9,6.1385091954023E-9,0.0,2.418505862068966E-6,5.332992068965517E-5,0.0,2.191322528735631E-6,8.21362298850574E-4,-3.469339080459776E-7,-3.311633333333341E-7,1.1563812068965518E-4,0.0,0.0,0.0,0.0026936778160919534,0.0027556019540229864,0.0,3.679329770114942E-6,-1.3521558620689656E-5,
COTIUSDT,3.4321545517241345E-4,3.4258717241379325E-4,1.7936709770114946E-4,-0.0732643124137931,-0.07311522275862087,1.5169489655172414E-6,1.427088390804598E-8,1.4311051724137929E-8,-1.1943678160906838E-8,0.0,0.0,2.7383678160919546E-7,2.79100735632184E-6,7.4146908045977E-7,0.0,0.0,1.635657356321839E-6,0.0,0.0,0.0,9.879624137931026E-7,1.004955287356322E-5,3.0232557471264366E-6,6.035558620689647E-4,-4.506678735632186E-6,0.0,3.0191264367816103E-8,0.0,0.0,0.0,9.622967586206896E-7,6.745287356321882E-9,0.0,3.996205747126439E-6,0.0,1.5823776781609197E-5,2.2216672413793125E-5,2.2316591954023018E-5,1.5682038850574722E-4,0.011235694252873569,0.011257273103448281,1.2307444827586228E-5,2.3977868965517247E-6,0.0,0.0,0.0,0.0,6.059831034482759E-7,-2.646333333333336E-5,3.4525766666666666E-7,0.0,0.0,6.665125287356321E-7,2.08249735632184E-5,0.0,3.310149540229886E-6,-2.956950574712645E-5,0.0,3.280915172413795E-8,3.111035977011493E-5,0.0,6.643675057471266E-7,1.1094537931034492E-5,1.2113917701149423E-6,0.0,0.0,0.0,2.062497149425288E-4,5.934803448275863E-8,0.0,0.0,0.0,1.7476940459770117E-4,1.7544356666666667E-4,0.0,0.0,6.634777356321841E-5,6.106950574712651E-4,5.990721839080469E-4,4.662865517241382E-6,0.0,0.0,8.586391954022983E-7,2.9554714942528725E-7,2.0341826436781606E-6,1.1853708045977014E-7,7.443812643678164E-7,0.0,1.668812528735632E-5,1.2822324827586204E-4,0.0,0.0,4.03925229885058E-4,4.13926574712644E-4,3.350310114942529E-6,0.0,3.940989425287357E-5,0.0,2.3032731034482768E-5,0.0,3.733496298850576E-4,2.9720149425287365E-7,1.5959136781609196E-5,3.640632758620691E-5,0.0,0.0,0.0,-8.918390804579819E-9,2.3513396551724138E-6,0.0,0.0,1.0589631034482761E-4,0.0,5.731275747126434E-6,0.0,0.0,3.383328620689655E-5,0.0,0.0,0.0,6.18388735632184E-7,0.0,0.0,0.0,0.0,0.0,0.0,0.0,9.540206896551735E-8,0.0,1.186401149425288E-6,0.0,1.3886942528735634E-5,0.0,0.0,0.0,1.0642035517241384E-6,4.038809149425288E-6,6.005527758620688E-5,2.079023333333333E-5,0.0,4.0019059999999983E-7,0.0,4.798095402298854E-7,4.829111494252874E-7,3.697126436782073E-8,0.0,0.0,0.0,0.0,4.727241379311345E-8,0.0,9.96268114942529E-7,1.1560781609195402E-6,0.0,1.8558113793103457E-5,3.507343908045976E-5,0.0,5.186900000000002E-9,5.16438735632184E-9,0.0,1.4549596551724147E-6,4.5955700000000005E-5,0.0,2.0832498850574723E-6,2.1926528735632172E-4,-1.349772988505749E-6,-1.3296608045976995E-6,1.1361577586206898E-4,0.0,0.0,0.0,0.0026033290804597714,0.002618798045977012,0.0,3.4685840229885073E-6,-1.4850544827586218E-5,
CRVUSDT,0.0,0.0,0.0,0.0,0.0,0.0,0.0,0.0,0.0,0.0,0.0,0.0,0.0,0.0,0.0,0.0,0.0,0.0,0.0,0.0,0.0,0.0,0.0,0.0,0.0,0.0,0.0,0.0,0.0,0.0,0.0,0.0,0.0,0.0,0.0,0.0,0.0,0.0,0.0,0.0,0.0,0.0,0.0,0.0,0.0,0.0,0.0,0.0,0.0,0.0,0.0,0.0,0.0,0.0,0.0,0.0,0.0,0.0,0.0,0.0,0.0,0.0,0.0,0.0,0.0,0.0,0.0,0.0,0.0,0.0,0.0,0.0,0.0,0.0,0.0,0.0,0.0,0.0,0.0,0.0,0.0,0.0,0.0,0.0,0.0,0.0,0.0,0.0,0.0,0.0,0.0,0.0,0.0,0.0,0.0,0.0,0.0,0.0,0.0,0.0,0.0,0.0,0.0,0.0,0.0,0.0,0.0,0.0,0.0,0.0,0.0,0.0,0.0,0.0,0.0,0.0,0.0,0.0,0.0,0.0,0.0,0.0,0.0,0.0,0.0,0.0,0.0,0.0,0.0,0.0,0.0,0.0,0.0,0.0,0.0,0.0,0.0,0.0,0.0,0.0,0.0,0.0,0.0,0.0,0.0,0.0,0.0,0.0,0.0,0.0,0.0,0.0,0.0,0.0,0.0,0.0,0.0,0.0,0.0,0.0,0.0,0.0,0.0,0.0,0.0,0.0,0.0,0.0,0.0,0.0,0.0,0.0,0.0,0.0,0.0,0.0,0.0,
