 ,BNBUSDC,BNBUSDT,BNTUSDT,BTCUSDC,BTCUSDT,BTSUSDT,BTTUSDC,BTTUSDT,BUSDUSDT,BZRXUSDT,CELOUSDT,CELRUSDT,CHRUSDT,CHZUSDT,CKBUSDT,COMPUSDT,COSUSDT,COTIUSDT,CRVUSDT,CTKUSDT,CTSIUSDT,CTXCUSDT,CVCUSDT,DASHUSDT,DATAUSDT,DCRUSDT,DENTUSDT,DGBUSDT,DIAUSDT,DNTUSDT,DOCKUSDT,DOGEUSDT,DOTUSDT,DUSKUSDT,EGLDUSDT,ENJUSDT,EOSUSDC,EOSUSDT,ETCUSDT,ETHUSDC,ETHUSDT,EURUSDT,FETUSDT,FILUSDT,FIOUSDT,FIROUSDT,FLMUSDT,FTMUSDT,FTTUSDT,FUNUSDT,GBPUSDT,GRTUSDT,GTOUSDT,GXSUSDT,HARDUSDT,HBARUSDT,HIVEUSDT,HNTUSDT,HOTUSDT,ICXUSDT,INJUSDT,IOSTUSDT,IOTAUSDT,IOTXUSDT,IRISUSDT,JSTUSDT,JUVUSDT,KAVAUSDT,KEYUSDT,KMDUSDT,KNCUSDT,KSMUSDT,LINKUSDC,LINKUSDT,LITUSDT,LRCUSDT,LSKUSDT,LTCUSDC,LTCUSDT,LTOUSDT,LUNAUSDT,MANAUSDT,MATICUSDT,MBLUSDT,MDTUSDT,MFTUSDT,MITHUSDT,MKRUSDT,MTLUSDT,NANOUSDT,NBSUSDT,NEARUSDT,NEOUSDC,NEOUSDT,NKNUSDT,NMRUSDT,NULSUSDT,OCEANUSDT,OGNUSDT,OGUSDT,OMGUSDT,ONEUSDT,ONGUSDT,ONTUSDT,ORNUSDT,OXTUSDT,PAXGUSDT,PAXUSDT,PERLUSDT,PNTUSDT,PSGUSDT,QTUMUSDT,REEFUSDT,RENUSDT,REPUSDT,RIFUSDT,RLCUSDT,ROSEUSDT,RSRUSDT,RUNEUSDT,RVNUSDT,SANDUSDT,SCUSDT,SFPUSDT,SKLUSDT,SNXUSDT,SOLUSDT,SRMUSDT,STMXUSDT,STORJUSDT,STPTUSDT,STRAXUSDT,STXUSDT,SUSDUSDT,SUSHIUSDT,SXPUSDT,TCTUSDT,TFUELUSDT,THETAUSDT,TOMOUSDT,TRBUSDT,TROYUSDT,TRUUSDT,TRXUSDC,TRXUSDT,TUSDUSDT,TWTUSDT,UMAUSDT,UNFIUSDT,UNIUSDT,USDCUSDT,UTKUSDT,VETUSDT,VITEUSDT,VTHOUSDT,WANUSDT,WAVESUSDT,WINGUSDT,WINUSDC,WINUSDT,WNXMUSDT,WRXUSDT,WTCUSDT,XEMUSDT,XLMUSDT,XMRUSDT,XRPUSDC,XRPUSDT,XTZUSDT,XVSUSDT,YFIIUSDT,YFIUSDT,ZECUSDC,ZECUSDT,ZENUSDT,ZILUSDT,ZRXUSDT,
BNBUSDC,0.0,0.3381888089195401,0.01712058514942535,163.3808108298851,160.42269182988508,3.3417573333333343E-4,7.841986781609195E-6,7.834054919540227E-6,-2.2183682758620543E-4,0.0,0.0,-6.731423678160898E-5,-9.066143425287321E-4,2.5478249862069E-4,0.0,0.0,2.1068843678160597E-5,-2.5637487356321804E-4,0.0,0.0,-4.1833758620689505E-4,0.003680949241379309,-2.7966519540229014E-5,1.508009475862068,-7.919302390804619E-4,0.0,7.132986827586205E-6,0.0,0.0,0.0,1.6847233977011498E-4,3.083838599999996E-5,0.0,5.533177931034484E-4,0.0,0.005803056634482756,0.06255605625287354,0.061911568597701125,0.15341655445976998,7.079368645977011,7.044819859770113,0.006216415977011493,5.9858206896553026E-5,0.0,0.0,0.0,0.0,3.208943218390829E-5,0.03806943218390805,3.070366206896699E-6,0.0,0.0,3.864569655172424E-5,0.005657262321839096,0.0,8.840623885057466E-4,-0.003252603172413793,0.0,1.7828627448275858E-5,0.005346473310344824,0.0,8.688123057471291E-5,0.008402190137931033,2.520371402298846E-5,0.0,0.0,0.0,0.04230145381609198,9.45065977011496E-6,0.0,-0.11941591494252843,0.0,0.1109423074942528,0.11043532836781607,0.0,-0.009274742068965496,0.019801424689655168,0.9919514344827584,0.9734139287356318,8.995216344827593E-4,0.0,0.0,1.7996556321839068E-4,7.914542068965472E-6,1.2657597701150681E-5,-1.969325057471205E-6,-5.895935632183708E-6,0.0,0.0027607706206896534,-0.007332159126436743,0.0,0.0,0.4397521779310343,0.440094612183908,3.622641149425457E-5,0.0,0.007917919195402318,0.0,-2.140554482758464E-4,0.0,0.02219149245977007,-1.616390804597618E-6,0.0017702304137931029,0.017009885839080464,0.0,0.0,0.0,-1.949365747126392E-4,2.768614275862075E-4,0.0,0.0,0.04562365241379311,0.0,-0.0028655325241379267,-1.5809670333333294,0.0,0.004945011632183936,0.0,0.0,0.0,8.985120000000007E-5,0.0,0.0,0.0,0.0,0.0,0.0,0.0,-2.9008461310344765E-4,0.0,1.0123357011494291E-4,0.0,0.0026723384597701193,0.0,0.0,0.0,2.874597259770116E-4,-6.447583972413798E-4,-0.0028075354482758846,0.002114214551724141,0.0,4.592654652873571E-5,0.0,4.7295554482758577E-4,4.7047814482758626E-4,-1.7988296551724493E-4,0.0,0.0,0.0,0.0,-1.882508275862031E-4,0.0,1.1679875931034553E-4,-7.239516781609147E-5,0.0,7.508653333333413E-4,0.006370030666666699,0.0,2.44319344827586E-6,2.4871688735632178E-6,0.0,8.718101839080423E-4,0.00815205935632184,0.0,0.002559909259770115,1.1511217931034476,0.0030501949701149406,0.0030227501885057443,0.07146544298850571,0.0,0.0,0.0,1.1600118551724152,1.166982685057472,0.0,4.8568420919540417E-4,2.1099149425287807E-4,
BNBUSDT,0.3381888089195401,0.0,0.017016426183907994,159.37044465747124,156.54422679540227,3.2735125057471227E-4,7.727074712643677E-6,7.721100436781607E-6,-2.12335448275861E-4,0.0,0.0,-6.628278850574732E-5,-8.853614804597725E-4,2.519509986206891E-4,0.0,0.0,2.4782326436781476E-5,-2.512279425287358E-4,0.0,0.0,-4.1690817241379387E-4,0.003612507862068966,-2.9449450574713674E-5,1.4727967862068974,-7.783214459770103E-4,0.0,7.056660275862068E-6,0.0,0.0,0.0,1.6586946390804609E-4,3.0095702206896528E-5,0.0,5.542012413793094E-4,0.0,0.005704751082758621,0.06140388211494255,0.06079848583908048,0.15008252170114952,6.931925094252869,6.898286445977005,0.006057797356321829,6.867217241379216E-5,0.0,0.0,0.0,0.0,3.1470914942528616E-5,0.03689261494252869,4.052245517241247E-6,0.0,0.0,3.996197241379282E-5,0.005522774735632171,0.0,8.705383195402291E-4,-0.003225698689655167,0.0,1.7441744E-5,0.00521685124137931,0.0,8.563897885057462E-5,0.00823974393103448,2.8290224367816086E-5,0.0,0.0,0.0,0.04160870622988502,9.298421839080458E-6,0.0,-0.11779163218390826,0.0,0.10883845163218384,0.10835609181609192,0.0,-0.009164300724137946,0.019657650206896554,0.968991331034483,0.9508473770114941,8.94021324137929E-4,0.0,0.0,1.7147549425287396E-4,7.975993793103473E-6,3.2290045977010675E-5,-2.0783422988506354E-6,-3.179935632184009E-6,0.0,0.002745115448275858,-0.006735514298850606,0.0,0.0,0.42992469172413794,0.43009058804597694,4.9617032183906943E-5,0.0,0.007843373678160901,0.0,-1.537864827586349E-4,0.0,0.02165046763218395,-1.3736321839081278E-6,0.0017392652413793083,0.016621182045977,0.0,0.0,0.0,-1.8657588505746755E-4,2.755774965517235E-4,0.0,0.0,0.04455462827586208,0.0,-0.0028346773862068997,-1.5599336816091978,0.0,0.00525025990804595,0.0,0.0,0.0,9.140461379310327E-5,0.0,0.0,0.0,0.0,0.0,0.0,0.0,-2.850206062068969E-4,0.0,9.47820528735626E-5,0.0,0.0026050477701149394,0.0,0.0,0.0,2.8508787425287317E-4,-6.267224075862065E-4,-0.002755982999999984,0.0021654728275861943,0.0,4.52284017011493E-5,0.0,4.641035793103444E-4,4.6183897241379267E-4,-1.7198434482758987E-4,0.0,0.0,0.0,0.0,-1.800422068965486E-4,0.0,1.1436182827586139E-4,-6.890820229885113E-5,0.0,7.211549885057353E-4,0.006402171011494232,0.0,2.3976510344827588E-6,2.4408816321839087E-6,0.0,8.324926666666678E-4,0.008079066252873558,0.0,0.0025013302597701142,1.1266936896551718,0.0029759466597701146,0.0029489759471264367,0.06980308402298854,0.0,0.0,0.0,1.1331190965517233,1.1399204781609185,0.0,4.8200638160919384E-4,1.6531011494252322E-4,
BNTUSDT,0.01712058514942535,0.017016426183907994,0.0,28.78322615632181,28.66137005287355,1.6585876321839084E-4,2.610893563218391E-6,2.60278108045977E-6,-1.3482896551720169E-5,0.0,0.0,7.308500229885057E-5,0.0010526953287356324,2.018542372413793E-4,0.0,0.0,8.348723218390805E-5,1.3411390804597708E-4,0.0,0.0,2.2556503448275863E-4,0.0010140501379310345,4.6994863678160914E-4,-0.03908995172413803,-8.809336367816094E-4,0.0,3.498058413793103E-6,0.0,0.0,0.0,6.541130436781608E-5,4.4634834482758046E-7,0.0,4.724609655172414E-4,0.0,6.55150662068965E-4,0.004814601402298856,0.004602054988505752,-0.006595286390804597,2.21593471954023,2.2134105333333336,0.00293815643678161,6.165975862068965E-4,0.0,0.0,0.0,0.0,8.253662988505747E-5,0.008096371264367816,5.586766413793103E-5,0.0,0.0,1.0235512413793105E-4,0.005792143057471265,0.0,2.59693935632184E-4,-0.0026822726206896554,0.0,4.566385448275862E-6,3.0127786206896506E-4,0.0,1.171296308045977E-4,0.002215320413793103,6.461035011494252E-5,0.0,0.0,0.0,0.021542437080459772,4.793809195402299E-6,0.0,0.06048457011494252,0.0,0.013931115471264369,0.013836190735632192,0.0,0.004755085724137931,0.004416991999999999,0.0841988896551724,0.08111094712643682,8.744799379310343E-4,0.0,0.0,-2.8803735632183893E-5,1.148465724137932E-5,6.491456436781611E-4,2.3069265057471264E-5,9.586399770114943E-5,0.0,0.0011738715172413794,0.016230214574712642,0.0,0.0,0.06454353379310344,0.06440096298850573,8.197612229885057E-4,0.0,0.0087139308045977,0.0,0.00491552848275862,0.0,-0.001992460321839081,4.411214942528734E-5,0.0012262502068965514,0.005112308436781608,0.0,0.0,0.0,-9.550873563215593E-6,3.2994904137931036E-4,0.0,0.0,0.008436067586206896,0.0,6.579758758620685E-4,0.7899679229885057,0.0,0.01122052891954023,0.0,0.0,0.0,9.427091034482753E-5,0.0,0.0,0.0,0.0,0.0,0.0,0.0,1.2900229172413792E-4,0.0,2.5815562988505745E-4,0.0,0.0017177904367816086,0.0,0.0,0.0,1.7752115609195402E-4,-3.3152108965517236E-5,-0.004712663724137931,0.003962280551724138,0.0,4.8477101885057476E-5,0.0,1.341850827586207E-4,1.3384150344827585E-4,-8.447517241377903E-6,0.0,0.0,0.0,0.0,-7.690068965515101E-6,0.0,3.028105468965518E-4,1.848989678160919E-4,0.0,0.0037045647356321837,0.011539814298850573,0.0,3.1034827586206875E-7,3.147523678160918E-7,0.0,-5.428247356321837E-4,0.005397714850574713,0.0,4.191213540229885E-4,0.23253786206896565,-2.195627218390803E-4,-2.3335928505747162E-4,-0.0027582267816091905,0.0,0.0,0.0,0.3861498068965516,0.3951035494252874,0.0,9.728022252873563E-4,0.0012766347126436787,
BTCUSDC,163.3808108298851,159.37044465747124,28.78322615632181,0.0,104790.47372919536,0.23042975816091965,0.004901127126436782,0.0049225831333333326,-0.1148305034482711,0.0,0.0,0.022546296321839,0.39718481885057366,0.25829127179310335,0.0,0.0,0.014422680229885047,-0.045290625287356494,0.0,0.0,0.023416365517241022,2.240894779310344,0.3100188121839076,672.9151744827589,-0.9667736501149423,0.0,0.004777231434482761,0.0,0.0,0.0,0.10447746025287362,0.013476735303448265,0.0,0.44849076551724115,0.0,2.687776788965519,30.565180618390816,30.07849777701151,49.24889332873569,4685.956303908046,4663.122936321839,5.0531736666666625,0.4472683896551721,0.0,0.0,0.0,0.0,0.06191404045977008,26.67939390804597,0.03664042668965512,0.0,0.0,0.08338801172413786,6.896517625287353,0.0,0.49808939264367863,-2.449539875862068,0.0,0.009776990696551724,2.38567207586207,0.0,0.1097327479540229,5.186593096551723,0.008426499816091965,0.0,0.0,0.0,30.448932360919535,0.006936887011494252,0.0,-5.658786666666787,0.0,61.16836965977013,61.008645926436785,0.0,-0.46036098275862986,10.110069144827591,500.7750524137932,493.3775259770116,0.9580478406896547,0.0,0.0,0.0050882252873567495,2.5805979310348495E-4,0.4462019183908041,0.013786195563218358,0.05285883816091947,0.0,2.114463813793102,9.983943990804587,0.0,0.0,237.6948107586207,237.37366232183913,0.5537079328735629,0.0,9.543403402298853,0.0,3.9416832551724124,0.0,3.2777499287356258,0.028988619540229868,1.2916456689655174,11.084841087356319,0.0,0.0,0.0,-0.0978108436781563,0.29464519586206883,0.0,0.0,24.54330944827586,0.0,-0.5751197634482778,-80.273505747128,0.0,10.610462728735627,0.0,0.0,0.0,0.09966477103448271,0.0,0.0,0.0,0.0,0.0,0.0,0.0,-0.027100357448276036,0.0,0.21534228183908016,0.0,2.0718980252873562,0.0,0.0,0.0,0.22544037818390789,-0.5219388791034484,-6.660285013793098,3.7002163586206893,0.0,0.0412071314321839,0.0,0.30390213655172393,0.30242056,-0.0820527999999972,0.0,0.0,0.0,0.0,-0.09166271724137579,0.0,0.26128742599999977,0.103175792873563,0.0,2.716668733333329,11.975114914942518,0.0,0.001038252482758621,0.0010698297977011501,0.0,-0.15189586091953908,6.041405135632187,0.0,1.42688189908046,692.561827586207,1.2681326066666667,1.2502288940229884,29.278148712643702,0.0,0.0,0.0,828.2845262068965,842.1419381609192,0.0,0.8789521326436774,1.4953552183908019,
BTCUSDT,160.42269182988508,156.54422679540227,28.66137005287355,104790.47372919536,0.0,0.2286204960919541,0.004846804298850574,0.004867697960919539,-0.11131705517240911,0.0,0.0,0.022873758390804605,0.404540005057471,0.25726145627586205,0.0,0.0,0.014051994022988451,-0.0438504183908046,0.0,0.0,0.024557958620689737,2.2171925379310347,0.3097226018390806,659.4853986206896,-0.9667718466666664,0.0,0.0047190587793103445,0.0,0.0,0.0,0.10298047956321843,0.013207276751724121,0.0,0.4470168344827585,0.0,2.630641609655171,30.067163583908044,29.584132156321854,47.97808332873565,4635.088417701149,4612.965067356321,5.004073011494249,0.4474604,0.0,0.0,0.0,0.0,0.06214903356321839,26.26238252873563,0.03663802496551723,0.0,0.0,0.0832585703448276,6.825127832183908,0.0,0.48969773057471244,-2.454945599999999,0.0,0.00966166831724138,2.3287280068965526,0.0,0.1091075951954023,5.13490768275862,0.008899110505747078,0.0,0.0,0.0,30.13557439540228,0.006904824942528735,0.0,-4.793662873563231,0.0,60.40356493563218,60.2488004091954,0.0,-0.39469013448275947,9.9777252137931,492.8672213793102,485.63561563218394,0.9524524820689655,0.0,0.0,0.001672542528735653,5.842013793103719E-5,0.4485823356321838,0.013817912114942526,0.05341457954022988,0.0,2.083922917241378,10.005454404597703,0.0,0.0,234.44995558620693,234.07701370114944,0.5564880535632184,0.0,9.517802091954023,0.0,3.9585247379310333,0.0,3.111728997701141,0.02875217816091956,1.2764500482758618,10.961654156321835,0.0,0.0,0.0,-0.09479870574712203,0.293367968275862,0.0,0.0,24.194977379310345,0.0,-0.5525140082758626,-68.5502250574714,0.0,10.625469728735625,0.0,0.0,0.0,0.09872086068965509,0.0,0.0,0.0,0.0,0.0,0.0,0.0,-0.02459885675862072,0.0,0.21469580252873555,0.0,2.0553826114942515,0.0,0.0,0.0,0.22403648301149423,-0.5144589773793101,-6.657109934482759,3.664332565517241,0.0,0.04065989194942528,0.0,0.3000767020689654,0.2986531220689653,-0.07915400689654901,0.0,0.0,0.0,0.0,-0.08858464827585873,0.0,0.26078428324137926,0.10400999287356313,0.0,2.7191819747126433,11.917963052873557,0.0,0.001022405448275862,0.001053145418390805,0.0,-0.16683644367816106,5.972485928735631,0.0,1.4101900473563225,682.7232379310344,1.239783303218391,1.2219428457471257,28.7274655402299,0.0,0.0,0.0,820.0904227586212,833.5537726436783,0.0,0.8756580843678162,1.4579983563218397,
BTSUSDT,3.3417573333333343E-4,3.2735125057471227E-4,1.6585876321839084E-4,0.23042975816091965,0.2286204960919541,0.0,1.8389678160919545E-8,1.8252154022988514E-8,-1.8263448275858748E-7,0.0,0.0,3.655266666666669E-7,3.3922926436781606E-6,1.3556723448275864E-6,0.0,0.0,7.250519540229886E-7,4.323747126436785E-7,0.0,0.0,8.665517241379384E-9,7.57304827586207E-6,2.5181728735632194E-6,7.608186206896546E-4,-5.203807356321837E-6,0.0,2.291839310344827E-8,0.0,0.0,0.0,6.233017011494254E-7,2.7242524137931E-8,0.0,3.0287172413793108E-6,0.0,9.247517931034478E-6,6.788892183908052E-5,6.57826942528736E-5,1.6800434942528737E-4,0.015150522528735636,0.015142569425287359,1.6715528735632186E-5,3.0348172413793106E-6,0.0,0.0,0.0,0.0,5.241066666666667E-7,8.593977011494255E-5,2.7725434482758624E-7,0.0,0.0,6.025365517241384E-7,3.1063777011494274E-5,0.0,3.3904981609195403E-6,-1.8779951724137932E-5,0.0,3.729520000000001E-8,7.623579310344822E-6,0.0,6.467735402298851E-7,1.624507586206897E-5,4.953516781609194E-7,0.0,0.0,0.0,1.3191982298850575E-4,3.180873563218391E-8,0.0,1.9237954022988514E-4,0.0,1.5532319080459775E-4,1.536811885057472E-4,0.0,1.4747458620689658E-5,4.251640689655172E-5,0.001148557931034483,0.0011365039080459772,4.763511034482758E-6,0.0,0.0,7.743735632183905E-7,1.4164986206896548E-7,1.8863839080459775E-6,1.2286777011494255E-7,6.177112643678164E-7,0.0,8.574324137931034E-6,5.932075632183909E-5,0.0,0.0,6.240599310344828E-4,6.28184804597701E-4,3.383255632183908E-6,0.0,5.3790954022988516E-5,0.0,2.9237468965517246E-5,0.0,2.7681301149425267E-5,2.953126436781609E-7,1.2419089655172408E-5,4.2877073563218386E-5,0.0,0.0,0.0,-1.562022988505528E-7,2.063004137931035E-6,0.0,0.0,8.266262068965513E-5,0.0,3.333963448275862E-6,0.002649743908045978,0.0,5.942367356321841E-5,0.0,0.0,0.0,8.854737931034482E-7,0.0,0.0,0.0,0.0,0.0,0.0,0.0,2.9819124137931035E-7,0.0,1.467817011494253E-6,0.0,1.1016170114942524E-5,0.0,0.0,0.0,9.188689425287354E-7,2.0571517241379057E-8,-1.3225379310344838E-5,1.9520262068965527E-5,0.0,3.8970545287356327E-7,0.0,8.427427586206893E-7,8.406744827586203E-7,-1.2585517241378568E-7,0.0,0.0,0.0,0.0,-1.0607586206895121E-7,0.0,1.3036105517241384E-6,8.336645977011499E-7,0.0,1.913714022988506E-5,5.8954039080459766E-5,0.0,3.610655172413791E-9,3.6560183908045957E-9,0.0,-5.089195402299092E-8,3.3457025287356324E-5,0.0,3.3959859770114964E-6,0.0019380551724137943,1.663323218390805E-6,1.5618312643678134E-6,5.5937195402298864E-5,0.0,0.0,0.0,0.002666180689655174,0.0026776664367816096,0.0,3.873165057471266E-6,3.1302183908045997E-6,
BTTUSDC,7.841986781609195E-6,7.727074712643677E-6,2.610893563218391E-6,0.004901127126436782,0.004846804298850574,1.8389678160919545E-8,0.0,3.927909195402298E-10,-4.716551724137637E-9,0.0,0.0,4.352045977011493E-9,5.367767816091954E-8,2.2053482758620688E-8,0.0,0.0,7.910471264367818E-9,5.766988505747125E-9,0.0,0.0,6.1738275862068965E-9,1.4074068965517243E-7,3.99375632183908E-8,2.6628862068965522E-5,-7.7391632183908E-8,0.0,4.2252206896551714E-10,0.0,0.0,0.0,8.703683908045976E-9,6.531486206896543E-10,0.0,5.0267241379310344E-8,0.0,1.5048403448275854E-7,1.726172183908047E-6,1.691905632183909E-6,2.1469504597701168E-6,2.970335977011494E-4,2.9603363218390816E-4,3.301783908045975E-7,5.185927586206896E-8,0.0,0.0,0.0,0.0,7.731528735632183E-9,1.2737321839080457E-6,3.8381E-9,0.0,0.0,9.781310344827586E-9,4.956228735632184E-7,0.0,3.630833333333332E-8,-2.616655172413792E-7,0.0,7.324637931034482E-10,1.0079827586206889E-7,0.0,1.0737888505747124E-8,3.5089068965517236E-7,5.545764367816093E-9,0.0,0.0,0.0,2.611162988505748E-6,6.572425287356322E-10,0.0,1.8864850574712628E-6,0.0,3.4417601149425285E-6,3.4169385057471268E-6,0.0,1.493956896551723E-7,9.412813793103451E-7,2.5084344827586202E-5,2.4371045977011502E-5,9.042479310344829E-8,0.0,0.0,-2.780126436781606E-9,1.4682965517241378E-9,6.16912528735632E-8,1.933687356321839E-9,8.460471264367816E-9,0.0,1.7089827586206886E-7,1.216872183908046E-6,0.0,0.0,1.3628248275862069E-5,1.3642377011494251E-5,6.730645977011494E-8,0.0,8.047516091954024E-7,0.0,4.3497241379310337E-7,0.0,4.23114252873563E-7,3.2344712643678157E-9,1.4543758620689647E-7,7.159583908045976E-7,0.0,0.0,0.0,-4.232643678160659E-9,3.061324137931035E-8,0.0,0.0,1.5360896551724134E-6,0.0,-7.384724137931078E-9,2.499472183908044E-5,0.0,1.1321518390804595E-6,0.0,0.0,0.0,9.102413793103443E-9,0.0,0.0,0.0,0.0,0.0,0.0,0.0,2.7230999999999973E-9,0.0,2.3510563218390797E-8,0.0,1.5620597701149425E-7,0.0,0.0,0.0,2.240151149425287E-8,-1.1772917241379315E-8,-3.472615172413794E-7,3.428955172413792E-7,0.0,4.16419908045977E-9,0.0,2.0466931034482753E-8,2.041620689655173E-8,-3.97931034482755E-9,0.0,0.0,0.0,0.0,-3.5479310344825633E-9,0.0,2.3968620689655164E-8,1.4644011494252872E-8,0.0,2.988026436781609E-7,1.0022649425287356E-6,0.0,7.809724137931036E-11,7.943390804597701E-11,0.0,-1.9338264367816112E-8,5.821135632183908E-7,0.0,8.711425287356325E-8,3.782117241379312E-5,4.200301149425292E-8,4.024954022988508E-8,1.229592988505748E-6,0.0,0.0,0.0,5.050975862068965E-5,5.121909195402299E-5,0.0,8.347322988505747E-8,5.958873563218393E-8,
BTTUSDT,7.834054919540227E-6,7.721100436781607E-6,2.60278108045977E-6,0.0049225831333333326,0.004867697960919539,1.8252154022988514E-8,3.927909195402298E-10,0.0,-4.784620689654868E-9,0.0,0.0,4.349335632183907E-9,5.320851264367817E-8,2.2147133793103447E-8,0.0,0.0,7.950381609195402E-9,5.62495402298851E-9,0.0,0.0,5.78103448275862E-9,1.4182393103448274E-7,4.0111280459770103E-8,2.6780151724137927E-5,-7.691924597701143E-8,0.0,4.251542758620689E-10,0.0,0.0,0.0,8.730996321839081E-9,6.532255862068958E-10,0.0,5.046717241379309E-8,0.0,1.5084007586206892E-7,1.7326237011494262E-6,1.6980014252873566E-6,2.10717211494253E-6,2.968110183908045E-4,2.9575228045977014E-4,3.302097701149423E-7,5.22536896551724E-8,0.0,0.0,0.0,0.0,7.75265287356322E-9,1.2789528735632182E-6,3.803360689655173E-9,0.0,0.0,9.861020689655168E-9,4.93003287356322E-7,0.0,3.6209016091954005E-8,-2.6043331034482743E-7,0.0,7.356213103448275E-10,9.945751724137931E-8,0.0,1.0738004367816091E-8,3.5282489655172405E-7,5.499840919540232E-9,0.0,0.0,0.0,2.6255565057471262E-6,6.595011494252873E-10,0.0,1.8299678160919552E-6,0.0,3.4814712183908045E-6,3.4566411954022993E-6,0.0,1.4468955172413794E-7,9.516171724137932E-7,2.5019510344827595E-5,2.4310590804597708E-5,9.103355862068967E-8,0.0,0.0,-3.065402298850568E-9,1.4831434482758625E-9,6.219456321839082E-8,1.936498390804598E-9,8.512905747126435E-9,0.0,1.7458117241379305E-7,1.23201308045977E-6,0.0,0.0,1.3670092413793099E-5,1.3695872183908043E-5,6.73672804597701E-8,0.0,8.04807816091954E-7,0.0,4.383298620689655E-7,0.0,4.338985287356325E-7,3.235091954022989E-9,1.46295724137931E-7,7.167307356321837E-7,0.0,0.0,0.0,-4.335816091953761E-9,3.0647593103448276E-8,0.0,0.0,1.5383641379310345E-6,0.0,-8.385400000000004E-9,2.429630459770116E-5,0.0,1.1447274252873562E-6,0.0,0.0,0.0,9.132186206896546E-9,0.0,0.0,0.0,0.0,0.0,0.0,0.0,2.5802089655172406E-9,0.0,2.366299770114942E-8,0.0,1.5471928735632186E-7,0.0,0.0,0.0,2.2560537701149423E-8,-1.223543310344827E-8,-3.4856137931034484E-7,3.4600641379310344E-7,0.0,4.150577977011494E-9,0.0,2.0610772413793103E-8,2.0559675862068962E-8,-4.048206896551676E-9,0.0,0.0,0.0,0.0,-3.616620689654968E-9,0.0,2.394055379310345E-8,1.4727611494252871E-8,0.0,2.985614022988506E-7,1.0069176321839083E-6,0.0,7.825862068965518E-11,7.968328735632183E-11,0.0,-1.9229954022988536E-8,5.847102528735633E-7,0.0,8.790803218390806E-8,3.7845896551724145E-5,4.235937011494253E-8,4.061124367816092E-8,1.2446440229885064E-6,0.0,0.0,0.0,5.022508275862072E-5,5.1006526436781604E-5,0.0,8.378937471264368E-8,5.786528735632184E-8,
BUSDUSDT,-2.2183682758620543E-4,-2.12335448275861E-4,-1.3482896551720169E-5,-0.1148305034482711,-0.11131705517240911,-1.8263448275858748E-7,-4.716551724137637E-9,-4.784620689654868E-9,0.0,0.0,0.0,2.852758620690715E-8,6.46117241379452E-7,-6.125827586203498E-8,0.0,0.0,-1.5962758620688056E-7,9.889655172415424E-8,0.0,0.0,5.911551724137963E-7,-2.8309310344825763E-6,-1.4863448275856103E-7,-9.598517241379379E-4,-1.3079655172427033E-7,0.0,-5.815931034482285E-9,0.0,0.0,0.0,-1.2215620689654057E-7,-2.1562793103448216E-8,0.0,-3.973793103447709E-7,0.0,-4.166365517241366E-6,-3.973472413793047E-5,-3.958513793103397E-5,-1.0528893103448396E-4,-0.003943520689654878,-0.003883582758620395,-3.6496551724134304E-6,-5.160344827578178E-8,0.0,0.0,0.0,0.0,-4.717241379296468E-9,-2.6925862068963368E-5,-1.8169999999994547E-8,0.0,0.0,-2.569999999998534E-8,-5.256758620689053E-6,0.0,-5.634620689654691E-7,7.902758620686554E-7,0.0,-1.0808931034482325E-8,-3.738758620689605E-6,0.0,-6.051310344826149E-8,-4.733137931034174E-6,-5.907448275861243E-8,0.0,0.0,0.0,-2.8382103448273104E-5,-4.9379310344820905E-9,0.0,8.236551724138498E-5,0.0,-6.612555172413493E-5,-6.524065517241085E-5,0.0,6.356482758621119E-6,-1.4328586206895721E-5,-6.135137931034366E-4,-6.029275862068849E-4,-6.046586206895359E-7,0.0,0.0,-2.1686206896551534E-7,-2.5594137931032458E-8,1.897931034483453E-7,1.1100000000031043E-9,-2.6999999999847226E-9,0.0,-2.997482758620496E-6,-1.72113793103201E-6,0.0,0.0,-2.825255172413705E-4,-2.8527172413792175E-4,2.2000344827596614E-7,0.0,-1.12482758620555E-6,0.0,2.478862068966439E-6,0.0,-3.5912655172413105E-5,-2.5775862068957833E-8,-1.31527586206874E-6,-1.0344965517240555E-5,0.0,0.0,0.0,3.165862068965356E-7,-1.6495172413788708E-7,0.0,0.0,-3.320448275861931E-5,0.0,1.538303448276038E-6,0.0011232896551724959,0.0,1.0441034482778341E-6,0.0,0.0,0.0,-9.140344827584037E-8,0.0,0.0,0.0,0.0,0.0,0.0,0.0,2.5443172413795005E-7,0.0,-1.011655172413399E-7,0.0,-1.7318275862066716E-6,0.0,0.0,0.0,-1.569665517241175E-7,1.4288896551721606E-7,-3.1862413793109817E-6,-4.351655172413346E-6,0.0,-3.8972206896545185E-8,0.0,-3.2742068965515363E-7,-3.233724137930847E-7,3.0496551724137644E-7,0.0,0.0,0.0,0.0,3.0193103448274737E-7,0.0,-3.58286206896195E-8,6.283793103450617E-8,0.0,-1.0196551724096803E-7,-4.403586206894915E-6,0.0,-1.622068965517208E-9,-1.6653793103447911E-9,0.0,-1.0374482758621092E-6,-6.5173103448269884E-6,0.0,-1.4314931034482099E-6,-7.52724137931007E-4,-2.242972413793115E-6,-2.248213793103462E-6,-4.579189655172377E-5,0.0,0.0,0.0,-5.869379310344337E-4,-6.271310344827059E-4,0.0,-3.5119310344817264E-7,-1.599137931034546E-6,
BZRXUSDT,0.0,0.0,0.0,0.0,0.0,0.0,0.0,0.0,0.0,0.0,0.0,0.0,0.0,0.0,0.0,0.0,0.0,0.0,0.0,0.0,0.0,0.0,0.0,0.0,0.0,0.0,0.0,0.0,0.0,0.0,0.0,0.0,0.0,0.0,0.0,0.0,0.0,0.0,0.0,0.0,0.0,0.0,0.0,0.0,0.0,0.0,0.0,0.0,0.0,0.0,0.0,0.0,0.0,0.0,0.0,0.0,0.0,0.0,0.0,0.0,0.0,0.0,0.0,0.0,0.0,0.0,0.0,0.0,0.0,0.0,0.0,0.0,0.0,0.0,0.0,0.0,0.0,0.0,0.0,0.0,0.0,0.0,0.0,0.0,0.0,0.0,0.0,0.0,0.0,0.0,0.0,0.0,0.0,0.0,0.0,0.0,0.0,0.0,0.0,0.0,0.0,0.0,0.0,0.0,0.0,0.0,0.0,0.0,0.0,0.0,0.0,0.0,0.0,0.0,0.0,0.0,0.0,0.0,0.0,0.0,0.0,0.0,0.0,0.0,0.0,0.0,0.0,0.0,0.0,0.0,0.0,0.0,0.0,0.0,0.0,0.0,0.0,0.0,0.0,0.0,0.0,0.0,0.0,0.0,0.0,0.0,0.0,0.0,0.0,0.0,0.0,0.0,0.0,0.0,0.0,0.0,0.0,0.0,0.0,0.0,0.0,0.0,0.0,0.0,0.0,0.0,0.0,0.0,0.0,0.0,0.0,0.0,0.0,0.0,0.0,0.0,0.0,
CELOUSDT,0.0,0.0,0.0,0.0,0.0,0.0,0.0,0.0,0.0,0.0,0.0,0.0,0.0,0.0,0.0,0.0,0.0,0.0,0.0,0.0,0.0,0.0,0.0,0.0,0.0,0.0,0.0,0.0,0.0,0.0,0.0,0.0,0.0,0.0,0.0,0.0,0.0,0.0,0.0,0.0,0.0,0.0,0.0,0.0,0.0,0.0,0.0,0.0,0.0,0.0,0.0,0.0,0.0,0.0,0.0,0.0,0.0,0.0,0.0,0.0,0.0,0.0,0.0,0.0,0.0,0.0,0.0,0.0,0.0,0.0,0.0,0.0,0.0,0.0,0.0,0.0,0.0,0.0,0.0,0.0,0.0,0.0,0.0,0.0,0.0,0.0,0.0,0.0,0.0,0.0,0.0,0.0,0.0,0.0,0.0,0.0,0.0,0.0,0.0,0.0,0.0,0.0,0.0,0.0,0.0,0.0,0.0,0.0,0.0,0.0,0.0,0.0,0.0,0.0,0.0,0.0,0.0,0.0,0.0,0.0,0.0,0.0,0.0,0.0,0.0,0.0,0.0,0.0,0.0,0.0,0.0,0.0,0.0,0.0,0.0,0.0,0.0,0.0,0.0,0.0,0.0,0.0,0.0,0.0,0.0,0.0,0.0,0.0,0.0,0.0,0.0,0.0,0.0,0.0,0.0,0.0,0.0,0.0,0.0,0.0,0.0,0.0,0.0,0.0,0.0,0.0,0.0,0.0,0.0,0.0,0.0,0.0,0.0,0.0,0.0,0.0,0.0,
CELRUSDT,-6.731423678160898E-5,-6.628278850574732E-5,7.308500229885057E-5,0.022546296321839,0.022873758390804605,3.655266666666669E-7,4.352045977011493E-9,4.349335632183907E-9,2.852758620690715E-8,0.0,0.0,0.0,2.826327356321839E-6,4.995454827586207E-7,0.0,0.0,1.8498804597701168E-7,4.758770114942529E-7,0.0,0.0,8.673913793103449E-7,1.186886206896552E-6,1.4477933333333335E-6,-5.651182758620693E-4,-1.8168605747126436E-6,0.0,5.702489655172415E-9,0.0,0.0,0.0,1.24584816091954E-7,-8.091479310344833E-9,0.0,9.64634482758621E-7,0.0,-1.1899048275862074E-6,-7.668194252873546E-6,-8.100601149425282E-6,-7.55299459770115E-5,0.0031321095402298857,0.00313888471264368,5.155160919540236E-6,1.665846551724138E-6,0.0,0.0,0.0,0.0,2.3635333333333334E-7,1.5475574712643676E-5,1.3254631034482758E-7,0.0,0.0,2.984424137931034E-7,1.2958733333333332E-5,0.0,3.457094252873566E-7,-4.65375172413793E-6,0.0,4.918479310344831E-9,-1.0176413793103447E-6,0.0,2.8405452873563215E-7,2.8708310344827578E-6,1.3926239080459766E-7,0.0,0.0,0.0,4.006973908045978E-5,1.1736436781609196E-8,0.0,2.2248321839080456E-4,0.0,2.973750574712669E-6,3.0266632183908137E-6,0.0,1.7441703448275857E-5,5.8926172413793025E-6,-1.0504862068965506E-4,-1.0665321839080458E-4,1.9799865517241383E-6,0.0,0.0,-1.5682528735632168E-7,2.941527586206898E-8,1.696816091954023E-6,7.260405747126436E-8,2.9042287356321843E-7,0.0,2.6474724137931026E-6,4.792944712643679E-5,0.0,0.0,9.122896551724176E-6,9.675333333333302E-6,2.080326091954023E-6,0.0,2.0162459770114946E-5,0.0,1.5659320689655173E-5,0.0,-1.4262780459770116E-5,1.3941666666666667E-7,3.0229758620689663E-6,8.261105747126434E-6,0.0,0.0,0.0,2.691609195402983E-8,7.965779310344828E-7,0.0,0.0,6.775620689655163E-6,0.0,3.753514482758619E-6,0.0029814081609195403,0.0,3.023181954022988E-5,0.0,0.0,0.0,2.6847482758620674E-7,0.0,0.0,0.0,0.0,0.0,0.0,0.0,4.306326896551724E-7,0.0,7.41994712643678E-7,0.0,3.179067816091954E-6,0.0,0.0,0.0,3.5226136781609193E-7,1.3099041379310347E-7,-1.081860344827586E-5,8.939993103448278E-6,0.0,1.228122781609195E-7,0.0,1.8773862068965521E-7,1.8731655172413788E-7,2.8710344827592354E-8,0.0,0.0,0.0,0.0,3.7772413793108214E-8,0.0,7.062835517241378E-7,5.757909195402301E-7,0.0,1.0235380459770115E-5,2.952645057471264E-5,0.0,-2.5686206896551795E-10,-2.3699080459770163E-10,0.0,-1.7121425287356316E-6,9.616926436781611E-6,0.0,2.32299885057472E-7,2.1085517241379356E-4,-1.4765970114942533E-6,-1.4994050574712648E-6,-2.8574247126436778E-5,0.0,0.0,0.0,7.097834482758617E-4,7.21334942528736E-4,0.0,2.131182528735632E-6,3.532212643678163E-6,
CHRUSDT,-9.066143425287321E-4,-8.853614804597725E-4,0.0010526953287356324,0.39718481885057366,0.404540005057471,3.3922926436781606E-6,5.367767816091954E-8,5.320851264367817E-8,6.46117241379452E-7,0.0,0.0,2.826327356321839E-6,0.0,6.052369034482759E-6,0.0,0.0,1.5626354022988522E-6,5.994647126436784E-6,0.0,0.0,1.2495727586206898E-5,1.3964400000000008E-5,1.694990183908046E-5,-0.0071332151724137986,-2.6824098390804597E-5,0.0,7.258595172413794E-8,0.0,0.0,0.0,1.2451437011494255E-6,-1.2278707586206898E-7,0.0,1.2096868965517243E-5,0.0,-1.4720638620689662E-5,-1.0162114022988504E-4,-1.067140160919539E-4,-0.001170325843678161,0.049505517701149436,0.049594070804597726,7.958963218390813E-5,2.1656231034482755E-5,0.0,0.0,0.0,0.0,2.775947356321838E-6,1.2790977011494252E-4,1.8994904827586207E-6,0.0,0.0,3.3684565517241387E-6,1.8966669425287362E-4,0.0,2.042889195402301E-6,-6.654228965517242E-5,0.0,6.979438620689655E-8,-1.3261131034482773E-5,0.0,3.7340603678160915E-6,4.6852234482758634E-5,9.953805057471264E-7,0.0,0.0,0.0,5.265111195402299E-4,1.2525494252873572E-7,0.0,0.00272710091954023,0.0,5.2717280459770496E-5,4.8695960919540465E-5,0.0,2.1437800000000004E-4,5.301662758620685E-5,-0.0011271337931034488,-0.0011448843678160921,2.7516792413793103E-5,0.0,0.0,-3.5560643678160923E-6,2.071904827586209E-7,2.497431494252873E-5,8.109562528735633E-7,3.1126760919540226E-6,0.0,2.96470551724138E-5,6.63013783908046E-4,0.0,0.0,5.100890344827588E-4,4.8346577011494234E-4,3.0484498390804604E-5,0.0,2.688096436781609E-4,0.0,1.8312108275862071E-4,0.0,-2.2278631264367822E-4,1.3860436781609193E-6,2.8499289655172412E-5,1.11621983908046E-4,0.0,0.0,0.0,6.339494252874558E-7,9.459030344827591E-6,0.0,0.0,1.1143358620689646E-4,0.0,3.8749650344827576E-5,0.035750459425287366,0.0,3.8496772873563217E-4,0.0,0.0,0.0,2.4969503448275836E-6,0.0,0.0,0.0,0.0,0.0,0.0,0.0,6.314371517241381E-6,0.0,8.627892183908045E-6,0.0,4.359619770114943E-5,0.0,0.0,0.0,5.083122666666667E-6,-1.663711517241379E-6,-1.9267531379310346E-4,1.4090615172413791E-4,0.0,1.0734908459770113E-6,0.0,2.874712413793104E-6,2.8662220689655165E-6,6.430965517242393E-7,0.0,0.0,0.0,0.0,6.394896551724729E-7,0.0,1.0780750827586208E-5,7.139599770114943E-6,0.0,1.2757614712643678E-4,4.039275011494252E-4,0.0,-3.617103448275865E-9,-3.6375126436781702E-9,0.0,-2.546467126436781E-5,1.3988130804597703E-4,0.0,5.2491473563218426E-6,0.003190800000000006,-2.1211120919540227E-5,-2.1592071494252886E-5,-4.238529080459769E-4,0.0,0.0,0.0,0.010462833103448274,0.010645534712643684,0.0,3.4202256781609196E-5,6.30590114942529E-5,
CHZUSDT,2.5478249862069E-4,2.519509986206891E-4,2.018542372413793E-4,0.25829127179310335,0.25726145627586205,1.3556723448275864E-6,2.2053482758620688E-8,2.2147133793103447E-8,-6.125827586203498E-8,0.0,0.0,4.995454827586207E-7,6.052369034482759E-6,0.0,0.0,0.0,4.345797931034483E-7,7.805834482758625E-7,0.0,0.0,1.3955150000000009E-6,7.836754827586208E-6,3.4915075172413803E-6,5.306592758620681E-4,-6.13561768965517E-6,0.0,2.3863056551724136E-8,0.0,0.0,0.0,5.329594862068964E-7,1.6702992068965474E-8,0.0,3.395468275862069E-6,0.0,4.07355110344827E-6,6.304261344827593E-5,6.068643551724139E-5,-2.27806610344827E-5,0.01799534506896551,0.01796459665517242,2.1751544827586206E-5,4.403404999999999E-6,0.0,0.0,0.0,0.0,6.811184827586207E-7,8.174346551724135E-5,3.278057275862068E-7,0.0,0.0,8.125490000000001E-7,3.801092827586207E-5,0.0,1.978998206896551E-6,-1.803384344827586E-5,0.0,3.912166999999999E-8,2.582592413793101E-6,0.0,8.208371241379307E-7,2.1034374827586204E-5,3.028200758620688E-7,0.0,0.0,0.0,1.6390141965517244E-4,4.474037931034484E-8,0.0,3.612458620689656E-4,0.0,1.8626821620689656E-4,1.8494291137931032E-4,0.0,2.8162718965517247E-5,4.643642862068966E-5,0.0010068059655172416,9.86853896551724E-4,6.868181965517242E-6,0.0,0.0,-4.666210344827586E-7,7.318283103448279E-8,4.65891551724138E-6,1.7233416206896555E-7,7.391348620689657E-7,0.0,1.0541451379310339E-5,1.124586486206897E-4,0.0,0.0,6.844449241379309E-4,6.875368137931032E-4,5.7696404482758625E-6,0.0,6.521978275862067E-5,0.0,4.4578510689655175E-5,0.0,-7.874252068965543E-6,2.8763672413793103E-7,1.0717807241379308E-5,4.671524413793102E-5,0.0,0.0,0.0,-5.652999999997504E-8,2.297922482758621E-6,0.0,0.0,7.659545172413792E-5,0.0,4.777736344827584E-6,0.004844717172413793,0.0,9.42422851724138E-5,0.0,0.0,0.0,7.685223793103443E-7,0.0,0.0,0.0,0.0,0.0,0.0,0.0,7.106051586206899E-7,0.0,1.980239172413793E-6,0.0,1.114995551724138E-5,0.0,0.0,0.0,1.4393972448275862E-6,-8.511774000000004E-7,-3.5052252758620704E-5,2.5709777931034478E-5,0.0,3.1925276482758615E-7,0.0,1.1473970344827584E-6,1.1463346896551722E-6,-2.7302758620671593E-8,0.0,0.0,0.0,0.0,2.6579310345003836E-9,0.0,2.0201379E-6,1.3752216896551723E-6,0.0,2.698176172413794E-5,8.452067172413791E-5,0.0,2.847482758620688E-9,2.9350696551724135E-9,0.0,-3.262141379310346E-6,3.496447724137932E-5,0.0,4.815822793103451E-6,0.0019840989655172427,-8.32315862068968E-8,-1.932864137931055E-7,2.8962715517241426E-5,0.0,0.0,0.0,0.003303161172413794,0.003330230896551726,0.0,6.4295873103448264E-6,5.994136206896554E-6,
CKBUSDT,0.0,0.0,0.0,0.0,0.0,0.0,0.0,0.0,0.0,0.0,0.0,0.0,0.0,0.0,0.0,0.0,0.0,0.0,0.0,0.0,0.0,0.0,0.0,0.0,0.0,0.0,0.0,0.0,0.0,0.0,0.0,0.0,0.0,0.0,0.0,0.0,0.0,0.0,0.0,0.0,0.0,0.0,0.0,0.0,0.0,0.0,0.0,0.0,0.0,0.0,0.0,0.0,0.0,0.0,0.0,0.0,0.0,0.0,0.0,0.0,0.0,0.0,0.0,0.0,0.0,0.0,0.0,0.0,0.0,0.0,0.0,0.0,0.0,0.0,0.0,0.0,0.0,0.0,0.0,0.0,0.0,0.0,0.0,0.0,0.0,0.0,0.0,0.0,0.0,0.0,0.0,0.0,0.0,0.0,0.0,0.0,0.0,0.0,0.0,0.0,0.0,0.0,0.0,0.0,0.0,0.0,0.0,0.0,0.0,0.0,0.0,0.0,0.0,0.0,0.0,0.0,0.0,0.0,0.0,0.0,0.0,0.0,0.0,0.0,0.0,0.0,0.0,0.0,0.0,0.0,0.0,0.0,0.0,0.0,0.0,0.0,0.0,0.0,0.0,0.0,0.0,0.0,0.0,0.0,0.0,0.0,0.0,0.0,0.0,0.0,0.0,0.0,0.0,0.0,0.0,0.0,0.0,0.0,0.0,0.0,0.0,0.0,0.0,0.0,0.0,0.0,0.0,0.0,0.0,0.0,0.0,0.0,0.0,0.0,0.0,0.0,0.0,
COMPUSDT,0.0,0.0,0.0,0.0,0.0,0.0,0.0,0.0,0.0,0.0,0.0,0.0,0.0,0.0,0.0,0.0,0.0,0.0,0.0,0.0,0.0,0.0,0.0,0.0,0.0,0.0,0.0,0.0,0.0,0.0,0.0,0.0,0.0,0.0,0.0,0.0,0.0,0.0,0.0,0.0,0.0,0.0,0.0,0.0,0.0,0.0,0.0,0.0,0.0,0.0,0.0,0.0,0.0,0.0,0.0,0.0,0.0,0.0,0.0,0.0,0.0,0.0,0.0,0.0,0.0,0.0,0.0,0.0,0.0,0.0,0.0,0.0,0.0,0.0,0.0,0.0,0.0,0.0,0.0,0.0,0.0,0.0,0.0,0.0,0.0,0.0,0.0,0.0,0.0,0.0,0.0,0.0,0.0,0.0,0.0,0.0,0.0,0.0,0.0,0.0,0.0,0.0,0.0,0.0,0.0,0.0,0.0,0.0,0.0,0.0,0.0,0.0,0.0,0.0,0.0,0.0,0.0,0.0,0.0,0.0,0.0,0.0,0.0,0.0,0.0,0.0,0.0,0.0,0.0,0.0,0.0,0.0,0.0,0.0,0.0,0.0,0.0,0.0,0.0,0.0,0.0,0.0,0.0,0.0,0.0,0.0,0.0,0.0,0.0,0.0,0.0,0.0,0.0,0.0,0.0,0.0,0.0,0.0,0.0,0.0,0.0,0.0,0.0,0.0,0.0,0.0,0.0,0.0,0.0,0.0,0.0,0.0,0.0,0.0,0.0,0.0,0.0,
COSUSDT,2.1068843678160597E-5,2.4782326436781476E-5,8.348723218390805E-5,0.014422680229885047,0.014051994022988451,7.250519540229886E-7,7.910471264367818E-9,7.950381609195402E-9,-1.5962758620688056E-7,0.0,0.0,1.8498804597701168E-7,1.5626354022988522E-6,4.345797931034483E-7,0.0,0.0,0.0,5.426712643678163E-7,0.0,0.0,-4.3338275862068963E-7,3.2693172413793098E-6,1.2884128735632196E-6,-3.311337931034489E-4,-1.2395577011494257E-6,0.0,1.4106972413793102E-8,0.0,0.0,0.0,3.0962418390804597E-7,3.97657241379307E-9,0.0,1.8758068965517246E-6,0.0,4.422574482758618E-6,1.3954570114942559E-5,1.343416321839077E-5,7.819292183908044E-5,0.003293468735632186,0.0032718508045977016,3.6710804597701116E-6,1.591313793103449E-6,0.0,0.0,0.0,0.0,2.656832183908047E-7,1.1815632183908054E-5,1.5181751724137933E-7,0.0,0.0,3.0300965517241385E-7,1.1181204597701155E-5,0.0,1.7472278160919544E-6,-7.4311310344827635E-6,0.0,1.1834979310344826E-8,3.092186206896546E-6,0.0,2.808460229885058E-7,3.374399999999998E-6,5.225473333333334E-7,0.0,0.0,0.0,6.622666436781612E-5,1.4275632183908033E-8,0.0,7.527091954022999E-5,0.0,1.4481825287356279E-5,1.338824367816089E-5,0.0,5.6781931034482864E-6,2.9256324137931054E-5,7.86496551724132E-5,6.050252873563298E-5,2.318722758620689E-6,0.0,0.0,7.177356321839083E-7,1.4026751724137931E-7,1.1098770114942536E-6,6.195963218390807E-8,3.8833264367816114E-7,0.0,5.397834482758624E-6,3.71645908045977E-5,0.0,0.0,7.319600000000009E-5,8.251590804597686E-5,1.499209425287357E-6,0.0,1.8258436781609206E-5,0.0,9.410234482758627E-6,0.0,3.980684597701148E-5,1.6977126436781617E-7,6.660820689655172E-6,9.920852873563219E-6,0.0,0.0,0.0,-1.6542298850573465E-7,1.1259675862068974E-6,0.0,0.0,2.2918896551724123E-5,0.0,1.2130420689655185E-6,9.953270114942542E-4,0.0,2.7387273563218404E-5,0.0,0.0,0.0,5.10476551724138E-7,0.0,0.0,0.0,0.0,0.0,0.0,0.0,7.99775172413795E-8,0.0,6.428004597701154E-7,0.0,4.879349425287358E-6,0.0,0.0,0.0,4.78435563218391E-7,1.171933517241379E-6,1.1372593103448269E-5,1.2546200000000007E-5,0.0,2.1631409425287362E-7,0.0,2.7141103448275855E-7,2.708993103448274E-7,-1.7608275862069132E-7,0.0,0.0,0.0,0.0,-1.325724137930927E-7,0.0,4.430864827586211E-7,4.0320183908046015E-7,0.0,7.456478160919544E-6,2.345550804597702E-5,0.0,1.838793103448275E-9,1.8454114942528724E-9,0.0,9.179839080459768E-7,2.0875225287356325E-5,0.0,3.0672804597701105E-7,5.421103448275866E-4,-3.9361885057471054E-7,-4.298935632183916E-7,3.454712643677884E-7,0.0,0.0,0.0,1.8872827586206866E-4,2.562291954022987E-4,0.0,1.6362422988505755E-6,7.796321839080442E-7,
COTIUSDT,-2.5637487356321804E-4,-2.512279425287358E-4,1.3411390804597708E-4,-0.045290625287356494,-0.0438504183908046,4.323747126436785E-7,5.766988505747125E-9,5.62495402298851E-9,9.889655172415424E-8,0.0,0.0,4.758770114942529E-7,5.994647126436784E-6,7.805834482758625E-7,0.0,0.0,5.426712643678163E-7,0.0,0.0,0.0,2.2692068965517236E-6,3.3751724137931323E-7,2.7866425287356327E-6,-0.001738606896551725,-2.2485459770114963E-6,0.0,8.824344827586211E-9,0.0,0.0,0.0,2.0056770114942532E-7,-2.427579310344825E-8,0.0,1.8142758620689663E-6,0.0,-5.050296551724138E-6,-4.053564367816091E-5,-4.088667816091955E-5,-1.9619433333333341E-4,0.002697790804597706,0.0027056183908046043,5.7083563218391E-6,3.1393896551724155E-6,0.0,0.0,0.0,0.0,4.654701149425288E-7,-4.059885057471235E-6,2.792613793103449E-7,0.0,0.0,5.28841379310345E-7,2.2215252873563225E-5,0.0,4.044022988505776E-8,-4.634862068965524E-6,0.0,3.023448275862087E-9,-3.31910344827587E-6,0.0,5.343257471264368E-7,2.2611034482758673E-6,2.677854022988504E-7,0.0,0.0,0.0,6.506916091954022E-5,2.153770114942529E-8,0.0,5.165947126436781E-4,0.0,-5.240402298850559E-5,-5.301814942528733E-5,0.0,4.080375172413793E-5,1.0696206896551709E-5,-5.705482758620689E-4,-5.85571264367816E-4,3.6911344827586214E-6,0.0,0.0,-2.533160919540235E-7,7.308379310344829E-8,3.4290666666666665E-6,1.4124045977011498E-7,5.727781609195405E-7,0.0,2.4588965517241413E-6,9.507328735632183E-5,0.0,0.0,-1.4322586206896515E-4,-1.413019540229884E-4,4.115945977011495E-6,0.0,3.126412643678162E-5,0.0,2.512772413793104E-5,0.0,-1.201688505747123E-5,2.3688850574712645E-7,4.6259655172413786E-6,7.200701149425299E-6,0.0,0.0,0.0,7.442528735633002E-8,1.4859827586206905E-6,0.0,0.0,2.541379310344876E-7,0.0,7.724913793103449E-6,0.006725107701149426,0.0,5.153235632183909E-5,0.0,0.0,0.0,4.360482758620687E-7,0.0,0.0,0.0,0.0,0.0,0.0,0.0,1.0151589655172419E-6,0.0,1.3499252873563227E-6,0.0,6.568770114942526E-6,0.0,0.0,0.0,7.062780459770118E-7,1.1223924137931034E-6,-8.975134482758635E-6,1.645996551724138E-5,0.0,2.085651494252873E-7,0.0,1.624034482758624E-7,1.6171379310344843E-7,7.099999999999897E-8,0.0,0.0,0.0,0.0,1.0572413793103755E-7,0.0,1.3544410344827591E-6,1.1215390804597702E-6,0.0,1.957640229885058E-5,5.4383494252873564E-5,0.0,-1.0540000000000003E-9,-1.0591954022988524E-9,0.0,-3.3689781609195388E-6,1.6860597701149436E-5,0.0,-4.257333333333316E-7,-5.6079310344826683E-5,-4.324129885057471E-6,-4.360532183908046E-6,-8.330549425287356E-5,0.0,0.0,0.0,6.347827586206891E-4,6.582229885057485E-4,0.0,4.011740229885059E-6,8.463666666666663E-6,
