 ,BNBUSDC,BNBUSDT,BNTUSDT,BTCUSDC,BTCUSDT,BTSUSDT,BTTUSDC,BTTUSDT,BUSDUSDT,BZRXUSDT,CELOUSDT,CELRUSDT,CHRUSDT,CHZUSDT,CKBUSDT,COMPUSDT,COSUSDT,COTIUSDT,CRVUSDT,CTKUSDT,CTSIUSDT,CTXCUSDT,CVCUSDT,DASHUSDT,DATAUSDT,DCRUSDT,DENTUSDT,DGBUSDT,DIAUSDT,DNTUSDT,DOCKUSDT,DOGEUSDT,DOTUSDT,DUSKUSDT,EGLDUSDT,ENJUSDT,EOSUSDC,EOSUSDT,ETCUSDT,ETHUSDC,ETHUSDT,EURUSDT,FETUSDT,FILUSDT,FIOUSDT,FIROUSDT,FLMUSDT,FTMUSDT,FTTUSDT,FUNUSDT,GBPUSDT,GRTUSDT,GTOUSDT,GXSUSDT,HARDUSDT,HBARUSDT,HIVEUSDT,HNTUSDT,HOTUSDT,ICXUSDT,INJUSDT,IOSTUSDT,IOTAUSDT,IOTXUSDT,IRISUSDT,JSTUSDT,JUVUSDT,KAVAUSDT,KEYUSDT,KMDUSDT,KNCUSDT,KSMUSDT,LINKUSDC,LINKUSDT,LITUSDT,LRCUSDT,LSKUSDT,LTCUSDC,LTCUSDT,LTOUSDT,LUNAUSDT,MANAUSDT,MATICUSDT,MBLUSDT,MDTUSDT,MFTUSDT,MITHUSDT,MKRUSDT,MTLUSDT,NANOUSDT,NBSUSDT,NEARUSDT,NEOUSDC,NEOUSDT,NKNUSDT,NMRUSDT,NULSUSDT,OCEANUSDT,OGNUSDT,OGUSDT,OMGUSDT,ONEUSDT,ONGUSDT,ONTUSDT,ORNUSDT,OXTUSDT,PAXGUSDT,PAXUSDT,PERLUSDT,PNTUSDT,PSGUSDT,QTUMUSDT,REEFUSDT,RENUSDT,REPUSDT,RIFUSDT,RLCUSDT,ROSEUSDT,RSRUSDT,RUNEUSDT,RVNUSDT,SANDUSDT,SCUSDT,SFPUSDT,SKLUSDT,SNXUSDT,SOLUSDT,SRMUSDT,STMXUSDT,STORJUSDT,STPTUSDT,STRAXUSDT,STXUSDT,SUSDUSDT,SUSHIUSDT,SXPUSDT,TCTUSDT,TFUELUSDT,THETAUSDT,TOMOUSDT,TRBUSDT,TROYUSDT,TRUUSDT,TRXUSDC,TRXUSDT,TUSDUSDT,TWTUSDT,UMAUSDT,UNFIUSDT,UNIUSDT,USDCUSDT,UTKUSDT,VETUSDT,VITEUSDT,VTHOUSDT,WANUSDT,WAVESUSDT,WINGUSDT,WINUSDC,WINUSDT,WNXMUSDT,WRXUSDT,WTCUSDT,XEMUSDT,XLMUSDT,XMRUSDT,XRPUSDC,XRPUSDT,XTZUSDT,XVSUSDT,YFIIUSDT,YFIUSDT,ZECUSDC,ZECUSDT,ZENUSDT,ZILUSDT,ZRXUSDT,
BNBUSDC,0.0,0.4083724004597702,-0.07904683252873562,121.14870686206893,117.88396470114941,-3.558132988505748E-4,4.183295632183908E-6,4.1879582758620685E-6,-3.4360931034483277E-4,0.0,0.0,-2.8038357471264357E-4,-0.0026241017126436756,-3.384168620689653E-4,0.0,-7.210827586206902,-6.408159770114955E-5,-0.0010986560114942525,0.0,0.0,-0.0011604870919540216,0.0025108567816091933,-7.377839655172407E-4,1.9330015057471257,0.0014668054597701142,0.0,2.779748505747123E-6,0.0,0.0,0.0,4.46295701149426E-5,4.298932379310343E-5,0.0,-8.463055172413795E-4,0.0,0.007506324574712641,0.06815018402298847,0.0675178501149425,0.210956494367816,3.361395505747126,3.302414091954023,0.0012109054022988509,-0.0012980456896551718,0.0,0.0,0.0,0.0,-2.2348933333333324E-4,0.013543899999999982,-1.055026827586206E-4,0.0,0.0,-2.2397380459770108E-4,-0.0013227373563218312,0.0,3.9683422988505683E-4,0.0018481989655172444,0.0,1.572406586206896E-5,0.006264440114942528,0.0,-2.3336682298850562E-4,0.005297899655172411,-9.153228735632201E-6,0.0,0.0,0.0,-0.008444676206896576,-2.8301194252873578E-5,0.0,-0.31580899770114923,0.0,0.024647690229884923,0.023771184137930994,0.0,-0.023108405517241356,0.017538908160919534,1.081911252873563,1.0528814482758617,-0.0013725366551724139,0.0,0.0,6.0397080459770056E-5,-2.1770852873563243E-5,-0.0013584038850574709,-6.36763505747126E-5,-2.428225632183907E-4,0.0,0.0012034043678160902,-0.03815076034482755,0.0,0.0,0.4103861816091953,0.4057017160919539,-0.0017715538735632178,0.0,-0.026319492068965514,0.0,-0.019894842873563214,0.0,0.048154021149425276,-2.0508173563218388E-4,-0.006222748735632184,8.276304597701115E-4,0.0,0.0,0.0,-3.082106896551758E-4,-5.938258505747125E-4,-0.06342107505747129,0.0,0.03255599885057471,0.0,-0.010626164896551722,-4.450156862068963,0.0,-0.03931315896551723,0.0,0.0,0.0,-4.681587356321837E-5,0.0,0.0,0.0,0.0,0.0,0.0,0.0,-6.477664965517236E-4,0.0,-3.679885402298848E-4,0.0,7.508504597701178E-4,0.0,0.0,0.0,9.860756436781614E-5,-2.299961241379308E-4,0.010634998770114937,-0.010347824942528734,0.0,-8.414334620689652E-5,0.0,3.067313793103445E-4,3.042674137931033E-4,-3.0079632183909095E-4,0.0,0.0,0.0,0.0,-3.1009620689655473E-4,0.0,-4.618667183908041E-4,-6.856507356321837E-4,0.0,-0.007662120919540222,-0.016603632758620673,0.0,3.2907943678160907E-6,3.3096495402298853E-6,0.0,0.0024350582873563192,4.074252873562815E-5,0.0,0.00237221432183908,0.861688632183907,0.0049088040574712605,0.004862118862068963,0.08887743793103446,0.0,0.0,0.0,0.10789133333333373,0.10794102298850508,0.0,-5.813110574712633E-4,-0.002917400459770114,
BNBUSDT,0.4083724004597702,0.0,-0.07753478671264366,117.99597285517237,114.86487458850573,-3.4981850114942524E-4,4.128186505747129E-6,4.13542551724138E-6,-3.298195172413843E-4,0.0,0.0,-2.7486092183908064E-4,-0.0025636483011494265,-3.2783206620689664E-4,0.0,-7.282424827586201,-5.8820181609195567E-5,-0.0010752256712643678,0.0,0.0,-0.0011454951149425289,0.0024620790804597698,-7.220869931034488E-4,1.8896692114942535,0.0014403027126436774,0.0,2.7583207356321837E-6,0.0,0.0,0.0,4.493662367816101E-5,4.199689075862068E-5,0.0,-8.222353793103449E-4,0.0,0.007366817832183909,0.0668861496321839,0.06630014733333336,0.20630272908045974,3.272102218390805,3.2151679770114936,0.0011371315632183899,-0.0012591199586206904,0.0,0.0,0.0,0.0,-2.1838990114942533E-4,0.012955391034482736,-1.0307000689655176E-4,0.0,0.0,-2.1734216091954037E-4,-0.0013016966436781695,0.0,3.9744795632183817E-4,0.0018196122068965537,0.0,1.534775675862069E-5,0.006148962022988505,0.0,-2.286249701149425E-4,0.005185769172413793,-7.4886381609195814E-6,0.0,0.0,0.0,-0.008186532344827604,-2.7843845747126416E-5,0.0,-0.31014821678160925,0.0,0.023848795287356336,0.023017310896551825,0.0,-0.022702266303448283,0.01747870894252875,1.0566417333333333,1.0284944827586204,-0.00133404335862069,0.0,0.0,5.718771954023014E-5,-2.0600885057471277E-5,-0.0013131031356321838,-6.242016804597702E-5,-2.3563254712643684E-4,0.0,0.001243520873563215,-0.03694213103448278,0.0,0.0,0.4007627790804599,0.3962554418390807,-0.0017214757126436783,0.0,-0.025777271448275862,0.0,-0.019393296850574716,0.0,0.04699937622988506,-2.0040942298850577E-4,-0.0061184978160919515,7.303800919540239E-4,0.0,0.0,0.0,-2.960581379310378E-4,-5.757428390804598E-4,-0.06301264756321835,0.0,0.03182088459770115,0.0,-0.010472213172413793,-4.368737185517243,0.0,-0.038174413103448275,0.0,0.0,0.0,-4.178309195402326E-5,0.0,0.0,0.0,0.0,0.0,0.0,0.0,-6.353583303448278E-4,0.0,-3.650738735632187E-4,0.0,7.168625057471243E-4,0.0,0.0,0.0,9.95670701149424E-5,-2.3022773586206928E-4,0.010392540188505751,-0.010087904919540234,0.0,-8.22173282068966E-5,0.0,3.0082608965517214E-4,2.985584896551722E-4,-2.8895312643679175E-4,0.0,0.0,0.0,0.0,-2.975566206896582E-4,0.0,-4.535614836781611E-4,-6.691463264367817E-4,0.0,-0.007521260804597708,-0.016078221931034496,0.0,3.2184172873563223E-6,3.238029218390805E-6,0.0,0.0023731369057471263,1.3680678160918997E-4,0.0,0.0023164104022988506,0.8436582436781606,0.004801027101149425,0.004755513048275862,0.08691460924137932,0.0,0.0,0.0,0.09648952183908138,0.0971436942528732,0.0,-5.653725149425292E-4,-0.0028466030574712687,
BNTUSDT,-0.07904683252873562,-0.07753478671264366,0.0,-12.914012489655176,-12.367225181609195,1.622866252873563E-4,-3.540291954023026E-8,-2.8702413793103677E-8,4.8796344827586087E-5,0.0,0.0,7.029582528735632E-5,7.051631701149426E-4,1.2589389241379311E-4,0.0,2.9788855172413786,8.175140229885054E-6,3.1272113333333343E-4,0.0,0.0,3.38437183908046E-4,-1.8719459770114916E-4,2.4207097241379314E-4,-0.32752701839080445,-4.523824022988504E-4,0.0,-7.58829425287354E-8,0.0,0.0,0.0,3.488739770114935E-6,-8.705353724137929E-6,0.0,3.343097931034483E-4,0.0,-0.0018607341218390813,-0.012042411632183912,-0.011862143816091957,-0.04927027252873561,0.12547429885057454,0.13278585057471276,6.416002988505746E-4,3.9924597241379315E-4,0.0,0.0,0.0,0.0,6.199553563218393E-5,4.136427586206934E-4,3.401936551724138E-5,0.0,0.0,7.927650574712645E-5,8.281345057471264E-4,0.0,-1.962152735632183E-4,-8.53498827586207E-4,0.0,-2.468093241379311E-6,-0.001405828436781609,0.0,9.631767701149426E-5,-2.3701393103448318E-4,3.2680112643678085E-6,0.0,0.0,0.0,0.008568404896551727,1.3975620919540228E-5,0.0,0.08317558781609198,0.0,0.021790073333333344,0.02188968262068965,0.0,0.00587789583448276,-0.0024177454252873585,-0.1968560712643678,-0.19163075862068962,7.011901586206896E-4,0.0,0.0,-3.5184533333333355E-5,6.710367816091957E-6,4.976901287356321E-4,1.787568252873563E-5,7.34104643678161E-5,0.0,1.559689195402299E-4,0.012537703793103448,0.0,0.0,-0.05498177839080457,-0.053706353563218394,5.36914091954023E-4,0.0,0.010788329931034483,0.0,0.0057942225747126454,0.0,-0.008583446643678161,5.8292071264367797E-5,0.002780434712643678,0.003057094114942527,0.0,0.0,0.0,4.1609103448276395E-5,2.0589552873563217E-4,0.03528230818390805,0.0,-0.0017596073563218408,0.0,0.003850715137931035,1.170300483448276,0.0,0.013853938620689656,0.0,0.0,0.0,2.4509057471264407E-5,0.0,0.0,0.0,0.0,0.0,0.0,0.0,1.5317701103448276E-4,0.0,1.2950142528735638E-4,0.0,6.971928735632207E-5,0.0,0.0,0.0,1.7603074712643713E-5,3.2388646896551756E-5,-0.0028408206160919543,0.004291467609195403,0.0,1.5573751448275873E-5,0.0,-6.235186206896542E-6,-5.901027586206868E-6,3.966526436781947E-5,0.0,0.0,0.0,0.0,4.243613793103447E-5,0.0,1.7858577609195403E-4,2.2079113333333335E-4,0.0,0.002672441149425288,0.006772057379310347,0.0,-6.837381149425287E-7,-6.800492873563222E-7,0.0,-7.152516229885057E-4,0.0010899101149425292,0.0,-3.434961609195402E-4,-0.0981670781609195,-0.0011279012321839083,-0.001110938124137931,-0.016598988689655172,0.0,0.0,0.0,0.25897463678160904,0.2621288091954024,0.0,3.073019218390804E-4,0.001506002919540231,
BTCUSDC,121.14870686206893,117.99597285517237,-12.914012489655176,0.0,51115.35356241377,-0.03422714413793089,0.0018433406827586198,0.0018652857586206881,-0.13045706551724143,0.0,0.0,-0.05312272448275866,-0.48021282793103515,-0.020788094068965472,0.0,-2310.5126896551733,-0.005335046206896574,-0.2181942920689654,0.0,0.0,-0.2800648896551727,0.9221731896551717,-0.06963088862069015,569.9366472413792,0.2649132068965516,0.0,0.001234532868965517,0.0,0.0,0.0,0.03392847941379314,0.012430072699999987,0.0,-0.07449027241379291,0.0,1.7819745920689654,21.032445134482753,20.84249865172415,52.417093,1622.0612431034479,1595.3070293103438,1.2180096137931018,-0.171980207586207,0.0,0.0,0.0,0.0,-0.036719600689655164,9.846581758620685,-0.01540987982758624,0.0,0.0,-0.022103467241379328,1.009939658620684,0.0,0.084594769310345,0.3252169172413796,0.0,0.00495947832413793,1.6647570448275861,0.0,-0.02356963482758622,2.2112506172413786,0.0039921796206896535,0.0,0.0,0.0,1.4407766310344772,-0.005498843758620685,0.0,-70.00260355172419,0.0,21.28748498275862,20.901956237931053,0.0,-5.224730690344831,6.357121100000002,331.836182413793,324.47890172413776,-0.06708015034482769,0.0,0.0,-0.012490614482758441,-0.0019971770689655045,-0.23294114620689677,-0.011099016241379324,-0.03296847344827589,0.0,1.0831094241379307,-3.9460104827586244,0.0,0.0,140.26141910344822,138.86981351724134,-0.312433325862069,0.0,-3.8621456137931003,0.0,-3.219674631034479,0.0,14.434665417241373,-0.03518436344827584,-1.0157207586206884,2.8114897724137897,0.0,0.0,0.0,-0.11794611724137875,-0.07104717586206898,-7.645128962068949,0.0,13.397714241379306,0.0,-2.0180302741379306,-978.181556965518,0.0,-5.948485741379301,0.0,0.0,0.0,0.029906962068965492,0.0,0.0,0.0,0.0,0.0,0.0,0.0,-0.15512840868965522,0.0,-0.029345918965517453,0.0,0.39933691034482666,0.0,0.0,0.0,0.06067084948275849,-0.08687509865517264,1.960222185172414,-1.133264168965517,0.0,-0.014360910541379291,0.0,0.135031280689655,0.13429442344827575,-0.11208534827586235,0.0,0.0,0.0,0.0,-0.11343352758620719,0.0,-0.058707437896551896,-0.10973474034482766,0.0,-1.0643336206896574,-0.4104472379310392,0.0,8.918357137931034E-4,9.025152620689655E-4,0.0,0.454648611724138,0.8123268103448257,0.0,0.7684081586206895,305.1551468965514,1.3813523065517235,1.372869034827586,25.93961381724138,0.0,0.0,0.0,210.40414206896529,219.18013517241337,0.0,0.021015638275861427,0.016163386206893372,
BTCUSDT,117.88396470114941,114.86487458850573,-12.367225181609195,51115.35356241377,0.0,-0.031230837011494227,0.0018144743471264376,0.0018361250344827587,-0.1259368862068967,0.0,0.0,-0.05120060218390799,-0.4598959332183908,-0.01724562531034478,0.0,-2280.20703448276,-0.005256644367816143,-0.20999528540229867,0.0,0.0,-0.2714794390804598,0.9064393045977005,-0.06450047965517226,555.1536877011495,0.25100486436781594,0.0,0.001203709066666667,0.0,0.0,0.0,0.0336069712298851,0.012093638375862062,0.0,-0.0678214379310344,0.0,1.7162224635632177,20.51203938045977,20.325344254023,50.721493839080466,1597.8729787356328,1572.0271856321838,1.2040154045977014,-0.16165155724137906,0.0,0.0,0.0,0.0,-0.03457626873563215,9.672443551724133,-0.014805209827586206,0.0,0.0,-0.02030125919540224,0.9943182977011505,0.0,0.08072847459770091,0.3011389586206895,0.0,0.004853409662068969,1.6162801574712637,0.0,-0.021913724252873513,2.182062851724138,0.00393115725287351,0.0,0.0,0.0,1.5100255137931005,-0.005261154264367816,0.0,-67.71461329885054,0.0,21.17981144252873,20.80499019655173,0.0,-5.057998936551722,6.252681242528734,323.65548402298856,316.5306810344827,-0.05544048896551704,0.0,0.0,-0.013919261839080562,-0.001877619022988507,-0.22102104321839078,-0.010614459183908034,-0.030834332988505724,0.0,1.0704152494252868,-3.6968797241379256,0.0,0.0,137.2236650114943,135.88567894252876,-0.2969302764367813,0.0,-3.6427870827586215,0.0,-3.048997019540229,0.0,14.021162585057471,-0.03390599609195398,-0.9719315747126432,2.8067554781609196,0.0,0.0,0.0,-0.11397521379310305,-0.06574679080459765,-7.247264897701155,0.0,13.147095597701153,0.0,-1.941387977586207,-945.4816919310344,0.0,-5.610919120689653,0.0,0.0,0.0,0.030272032183908008,0.0,0.0,0.0,0.0,0.0,0.0,0.0,-0.1500441908965517,0.0,-0.026531175287356244,0.0,0.39368244367816,0.0,0.0,0.0,0.06048355890804595,-0.08639535768965514,1.8626657681609151,-1.0760489091954024,0.0,-0.013936166899999979,0.0,0.13257408344827584,0.13188177034482756,-0.10810565402298888,0.0,0.0,0.0,0.0,-0.10932941034482808,0.0,-0.05514839598850565,-0.10431573367816092,0.0,-1.0036847701149403,-0.2841626448275835,0.0,8.673562563218389E-4,8.777680390804597E-4,0.0,0.43246464436781534,0.8050531436781592,0.0,0.7542918160919542,298.4553809195402,1.3419565277011496,1.33370712862069,25.318128934482754,0.0,0.0,0.0,210.148475632184,218.66771011494245,0.0,0.02507710333333362,0.023757239080460093,
BTSUSDT,-3.558132988505748E-4,-3.4981850114942524E-4,1.622866252873563E-4,-0.03422714413793089,-0.031230837011494227,0.0,-4.777770114942529E-10,-5.107586206896526E-10,2.8491724137930965E-7,0.0,0.0,3.621795402298853E-7,1.1621381609195398E-6,8.97838E-7,0.0,0.017380413793103445,4.687563218390804E-8,1.8011245977011493E-6,0.0,0.0,1.0580367816091956E-6,-1.3438505747126417E-6,7.79440689655174E-7,-0.001297453333333332,-2.4149045977011485E-6,0.0,-3.813498850574709E-9,0.0,0.0,0.0,1.1594119540229889E-7,-3.936779999999999E-8,0.0,2.023572413793104E-6,0.0,-9.34101195402299E-6,-5.361383678160917E-5,-5.3232342528735635E-5,-1.6783229885057466E-4,0.0010141356321839094,0.0010720701149425282,1.5219701149425232E-6,1.5402993103448287E-6,0.0,0.0,0.0,0.0,3.741291954022991E-7,3.7833310344827624E-5,1.3378310344827589E-7,0.0,0.0,4.5979425287356364E-7,-3.288864367816091E-6,0.0,-1.3822436781609175E-7,-4.933220689655175E-6,0.0,-1.4666675862068969E-8,-5.935949425287356E-6,0.0,5.171185057471264E-7,-8.957448275862044E-7,2.4078183908045933E-8,0.0,0.0,0.0,3.471520000000003E-5,9.607239080459771E-8,0.0,3.894898390804598E-4,0.0,2.1513028735632196E-4,2.1591542758620682E-4,0.0,2.5278775172413798E-5,-1.0822871264367814E-5,-8.154825287356317E-4,-7.707758620689655E-4,3.621132413793104E-6,0.0,0.0,4.544671264367812E-7,6.319735632183908E-8,9.890457471264375E-7,9.203726436781613E-8,4.4966735632183945E-7,0.0,6.669701149425267E-7,3.4505241379310354E-5,0.0,0.0,-2.4532974712643664E-4,-2.3060740229885037E-4,1.4455011494252878E-6,0.0,7.126255862068967E-5,0.0,3.829432873563219E-5,0.0,-3.5479025287356305E-5,4.1442045977011494E-7,2.2023149425287352E-5,2.8994209195402294E-5,0.0,0.0,0.0,2.3395172413793194E-7,1.1919919540229887E-6,2.7467973333333324E-4,0.0,3.2190114942528846E-6,0.0,2.68844E-5,0.005899607517241381,0.0,8.164386206896552E-5,0.0,0.0,0.0,3.127459770114951E-7,0.0,0.0,0.0,0.0,0.0,0.0,0.0,5.359426896551722E-7,0.0,5.688436781609199E-7,0.0,-1.1344114942528752E-6,0.0,0.0,0.0,-2.511054022988504E-7,2.543166896551725E-7,-6.80477977011495E-6,1.8608721839080464E-5,0.0,1.4582240689655183E-7,0.0,-1.451951724137932E-7,-1.4255586206896545E-7,2.3174942528738044E-7,0.0,0.0,0.0,0.0,2.675241379310295E-7,0.0,4.832341149425287E-7,1.124934942528736E-6,0.0,1.373054022988506E-5,2.6646951724137977E-5,0.0,-3.857188505747125E-9,-3.82024367816092E-9,0.0,-2.844385977011497E-6,-6.905977011494238E-7,0.0,-1.861877011494251E-6,-3.306921839080454E-4,-4.955625057471267E-6,-4.837063448275861E-6,-4.673716551724133E-5,0.0,0.0,0.0,0.0019069018390804604,0.001883881149425288,0.0,-8.539852873563212E-7,4.9010873563218436E-6,
BTTUSDC,4.183295632183908E-6,4.128186505747129E-6,-3.540291954023026E-8,0.0018433406827586198,0.0018144743471264376,-4.777770114942529E-10,0.0,1.5154068965517242E-10,-3.6898620689655687E-9,0.0,0.0,-3.6616321839080617E-10,-3.4758873563218607E-9,4.763747586206895E-9,0.0,-5.796965517241393E-5,6.753701149425298E-10,-2.4720505747126517E-9,0.0,0.0,-2.5577011494252934E-9,4.156080459770116E-8,1.0526351724137928E-8,1.98165563218391E-5,1.1965747126436986E-9,0.0,9.427177011494259E-11,0.0,0.0,0.0,1.8476512643678167E-9,4.255386896551724E-10,0.0,7.978413793103443E-9,0.0,3.3749797701149435E-8,9.413568735632188E-7,9.292942298850577E-7,8.77144252873566E-7,8.964632183908047E-5,8.868625287356326E-5,8.006190804597699E-8,9.301006896551721E-9,0.0,0.0,0.0,0.0,1.1927195402298836E-9,3.6015655172413784E-7,-1.362310344827596E-10,0.0,0.0,2.3833563218390807E-9,7.99974942528735E-8,0.0,-1.0190781609195509E-9,-1.0505379310344746E-8,0.0,2.6327848275862077E-10,2.837822988505752E-8,0.0,1.718840229885056E-9,1.3942020689655173E-7,7.895839080459847E-11,0.0,0.0,0.0,5.890252413793103E-7,1.0722321839080431E-10,0.0,-1.1725719540229907E-6,0.0,1.474582183908047E-6,1.4542033103448277E-6,0.0,-8.628964827586221E-8,4.911151494252876E-7,1.2156698850574718E-5,1.1650068965517245E-5,2.276667586206896E-8,0.0,0.0,-8.17531494252873E-9,1.9856321839080455E-10,2.1305691954022986E-8,2.9551126436781553E-10,1.4962114942528732E-9,0.0,8.340880459770116E-8,3.573327586206895E-7,0.0,0.0,5.973744597701152E-6,5.9780832183908095E-6,1.0684149425287353E-8,0.0,4.158372413793085E-8,0.0,5.5833494252873394E-8,0.0,4.994031264367817E-7,-5.156988505747134E-10,5.051839080459733E-9,1.9902560919540212E-7,0.0,0.0,0.0,-3.7208965517241376E-9,3.280091954022988E-9,-1.773273563218457E-8,0.0,6.279708045977013E-7,0.0,-3.8919758620689726E-8,-1.6383906206896587E-5,0.0,2.42735172413793E-7,0.0,0.0,0.0,1.4453563218390806E-9,0.0,0.0,0.0,0.0,0.0,0.0,0.0,-3.7986475862069006E-9,0.0,5.42585057471264E-9,0.0,1.1368712643678179E-8,0.0,0.0,0.0,8.72270114942529E-9,-4.376201379310347E-9,-1.3020328735632093E-8,4.549783908045963E-8,0.0,-6.251295862068965E-10,0.0,8.662365517241383E-9,8.645075862068968E-9,-3.7662298850575035E-9,0.0,0.0,0.0,0.0,-3.23489655172418E-9,0.0,3.1688852873563185E-9,2.526777011494249E-9,0.0,4.7896436781609156E-8,2.2163668965517244E-7,0.0,3.5715218390804633E-11,3.647714942528737E-11,0.0,-4.030597701149427E-10,1.1414712643678157E-7,0.0,4.159212643678163E-8,1.2762140229885068E-5,3.8259756321839097E-8,3.777687586206902E-8,8.419564827586216E-7,0.0,0.0,0.0,1.562852183908046E-5,1.596776321839081E-5,0.0,1.9594691954022988E-8,8.86521839080461E-9,
BTTUSDT,4.1879582758620685E-6,4.13542551724138E-6,-2.8702413793103677E-8,0.0018652857586206881,0.0018361250344827587,-5.107586206896526E-10,1.5154068965517242E-10,0.0,-3.771034482758661E-9,0.0,0.0,-3.6451724137931205E-10,-3.749896551724144E-9,4.897313793103446E-9,0.0,-5.6606896551724225E-5,7.962758620689658E-10,-2.625034482758623E-9,0.0,0.0,-3.0906896551724134E-9,4.313620689655171E-8,1.0794103448275859E-8,1.9960655172413794E-5,1.271241379310364E-9,0.0,9.884344827586204E-11,0.0,0.0,0.0,1.9052448275862073E-9,4.2617724137931E-10,0.0,8.410689655172408E-9,0.0,3.463568965517241E-8,9.515855172413794E-7,9.38772068965517E-7,8.51450344827588E-7,9.024555172413795E-5,8.922962068965517E-5,8.096551724137925E-8,9.823206896551713E-9,0.0,0.0,0.0,0.0,1.2360344827586197E-9,3.6492413793103436E-7,-1.468655172413794E-10,0.0,0.0,2.4861034482758613E-9,7.884896551724134E-8,0.0,-9.679655172413866E-10,-1.1209655172413682E-8,0.0,2.6917206896551726E-10,2.699206896551728E-8,0.0,1.7488827586206887E-9,1.4222344827586203E-7,9.997586206896511E-11,0.0,0.0,0.0,6.119589655172411E-7,1.1263103448275833E-10,0.0,-1.2259172413793102E-6,0.0,1.5209075862068966E-6,1.5002872413793097E-6,0.0,-9.081089655172413E-8,5.040210344827588E-7,1.2135517241379312E-5,1.1630310344827587E-5,2.3632137931034482E-8,0.0,0.0,-8.430999999999993E-9,2.1854482758620667E-10,2.1959999999999983E-8,3.0194827586206845E-10,1.5829310344827573E-9,0.0,8.693999999999998E-8,3.7416103448275865E-7,0.0,0.0,6.054500000000002E-6,6.069162068965516E-6,1.0938655172413783E-8,0.0,4.406999999999994E-8,0.0,5.903241379310331E-8,0.0,5.137310344827585E-7,-5.108965517241388E-10,6.600344827586187E-9,2.016310344827584E-7,0.0,0.0,0.0,-3.8358620689655105E-9,3.4212758620689633E-9,-2.078344827586259E-8,0.0,6.34755172413793E-7,0.0,-3.9931517241379354E-8,-1.708698965517242E-5,0.0,2.567479310344826E-7,0.0,0.0,0.0,1.4945172413793113E-9,0.0,0.0,0.0,0.0,0.0,0.0,0.0,-3.932375862068966E-9,0.0,5.6334482758620646E-9,0.0,1.0649310344827645E-8,0.0,0.0,0.0,8.954399999999997E-9,-4.652824137931031E-9,-1.4093034482758514E-8,4.9486551724137795E-8,0.0,-6.277575862068962E-10,0.0,8.85403448275862E-9,8.836724137931032E-9,-3.849310344827604E-9,0.0,0.0,0.0,0.0,-3.3175862068965836E-9,0.0,3.2288965517241372E-9,2.628034482758617E-9,0.0,4.8447586206896504E-8,2.2803965517241394E-7,0.0,3.6286206896551745E-11,3.712793103448276E-11,0.0,-3.8686206896552525E-10,1.192299999999999E-7,0.0,4.252027586206897E-8,1.2861586206896558E-5,3.8586862068965544E-8,3.809672413793107E-8,8.569858620689657E-7,0.0,0.0,0.0,1.5428379310344834E-5,1.5844793103448278E-5,0.0,2.023134482758619E-8,6.415862068965542E-9,
BUSDUSDT,-3.4360931034483277E-4,-3.298195172413843E-4,4.8796344827586087E-5,-0.13045706551724143,-0.1259368862068967,2.8491724137930965E-7,-3.6898620689655687E-9,-3.771034482758661E-9,0.0,0.0,0.0,1.8726551724138337E-7,1.715024137931103E-6,3.1323310344828804E-7,0.0,0.003695172413792435,-3.3627586206892564E-8,8.023758620689639E-7,0.0,0.0,9.223103448275661E-7,-2.6939655172413656E-6,3.257551724138129E-7,-0.0015744448275862286,-1.495413793103485E-6,0.0,-4.2408275862068834E-9,0.0,0.0,0.0,-4.063482758620658E-8,-3.483417241379351E-8,0.0,5.766551724137936E-7,0.0,-6.560720689655309E-6,-5.399320689655243E-5,-5.351182758620765E-5,-1.566272413793136E-4,-0.0030060862068965665,-0.0029093620689655303,-2.1315862068965355E-6,8.497724137931301E-7,0.0,0.0,0.0,0.0,1.919793103448316E-7,-1.920586206896487E-5,4.311896551724055E-8,0.0,0.0,1.4891379310345316E-7,-2.9861034482758455E-6,0.0,-3.5788620689654767E-7,-2.7586896551724193E-6,0.0,-1.2642689655172639E-8,-5.335206896551785E-6,0.0,1.4229999999999986E-7,-4.179068965517252E-6,-1.2028620689651944E-8,0.0,0.0,0.0,3.3889310344828075E-6,2.4480344827585854E-8,0.0,2.246968965517255E-4,0.0,-2.4045000000001675E-5,-2.3400448275863786E-5,0.0,1.6508255172413932E-5,-1.4004241379310366E-5,-8.782517241379419E-4,-8.540517241379409E-4,7.742827586207106E-7,0.0,0.0,-1.4698620689656412E-7,5.04310344827564E-9,1.0240965517241532E-6,4.4098965517242425E-8,1.7521034482759123E-7,0.0,-2.053137931034436E-6,1.882586206896646E-5,0.0,0.0,-3.355958620689691E-4,-3.3269103448276157E-4,1.4040517241379641E-6,0.0,2.090710344827592E-5,0.0,1.7236241379310822E-5,0.0,-4.602989655172464E-5,1.2692413793103638E-7,4.166896551724023E-6,-2.018551724138053E-6,0.0,0.0,0.0,4.5096551724138386E-7,4.026896551724198E-7,3.63452758620671E-5,0.0,-2.8779655172414243E-5,0.0,7.775327586206933E-6,0.0032733393103448563,0.0,3.167293103448327E-5,0.0,0.0,0.0,-8.724137931024782E-9,0.0,0.0,0.0,0.0,0.0,0.0,0.0,5.069013793103551E-7,0.0,1.7743103448277327E-7,0.0,-1.0654482758620465E-6,0.0,0.0,0.0,-9.145689655172217E-8,1.120299999999893E-7,-9.888444827586455E-6,4.819068965517099E-6,0.0,5.6882379310345544E-8,0.0,-3.0451034482758544E-7,-2.998137931034477E-7,4.454137931034604E-7,0.0,0.0,0.0,0.0,4.5520689655173177E-7,0.0,2.849182758620765E-7,5.147206896551801E-7,0.0,4.873793103448352E-6,8.762172413793542E-6,0.0,-2.595137931034506E-9,-2.6217931034482964E-9,0.0,-2.0957172413793584E-6,-1.6870689655173005E-6,0.0,-1.8516551724137887E-6,-8.226965517241484E-4,-4.0881827586207155E-6,-4.060231034482786E-6,-6.823444827586264E-5,0.0,0.0,0.0,-1.509103448276029E-4,-1.8522068965518454E-4,0.0,6.435517241381595E-8,-6.304827586208811E-7,
BZRXUSDT,0.0,0.0,0.0,0.0,0.0,0.0,0.0,0.0,0.0,0.0,0.0,0.0,0.0,0.0,0.0,0.0,0.0,0.0,0.0,0.0,0.0,0.0,0.0,0.0,0.0,0.0,0.0,0.0,0.0,0.0,0.0,0.0,0.0,0.0,0.0,0.0,0.0,0.0,0.0,0.0,0.0,0.0,0.0,0.0,0.0,0.0,0.0,0.0,0.0,0.0,0.0,0.0,0.0,0.0,0.0,0.0,0.0,0.0,0.0,0.0,0.0,0.0,0.0,0.0,0.0,0.0,0.0,0.0,0.0,0.0,0.0,0.0,0.0,0.0,0.0,0.0,0.0,0.0,0.0,0.0,0.0,0.0,0.0,0.0,0.0,0.0,0.0,0.0,0.0,0.0,0.0,0.0,0.0,0.0,0.0,0.0,0.0,0.0,0.0,0.0,0.0,0.0,0.0,0.0,0.0,0.0,0.0,0.0,0.0,0.0,0.0,0.0,0.0,0.0,0.0,0.0,0.0,0.0,0.0,0.0,0.0,0.0,0.0,0.0,0.0,0.0,0.0,0.0,0.0,0.0,0.0,0.0,0.0,0.0,0.0,0.0,0.0,0.0,0.0,0.0,0.0,0.0,0.0,0.0,0.0,0.0,0.0,0.0,0.0,0.0,0.0,0.0,0.0,0.0,0.0,0.0,0.0,0.0,0.0,0.0,0.0,0.0,0.0,0.0,0.0,0.0,0.0,0.0,0.0,0.0,0.0,0.0,0.0,0.0,0.0,0.0,0.0,
CELOUSDT,0.0,0.0,0.0,0.0,0.0,0.0,0.0,0.0,0.0,0.0,0.0,0.0,0.0,0.0,0.0,0.0,0.0,0.0,0.0,0.0,0.0,0.0,0.0,0.0,0.0,0.0,0.0,0.0,0.0,0.0,0.0,0.0,0.0,0.0,0.0,0.0,0.0,0.0,0.0,0.0,0.0,0.0,0.0,0.0,0.0,0.0,0.0,0.0,0.0,0.0,0.0,0.0,0.0,0.0,0.0,0.0,0.0,0.0,0.0,0.0,0.0,0.0,0.0,0.0,0.0,0.0,0.0,0.0,0.0,0.0,0.0,0.0,0.0,0.0,0.0,0.0,0.0,0.0,0.0,0.0,0.0,0.0,0.0,0.0,0.0,0.0,0.0,0.0,0.0,0.0,0.0,0.0,0.0,0.0,0.0,0.0,0.0,0.0,0.0,0.0,0.0,0.0,0.0,0.0,0.0,0.0,0.0,0.0,0.0,0.0,0.0,0.0,0.0,0.0,0.0,0.0,0.0,0.0,0.0,0.0,0.0,0.0,0.0,0.0,0.0,0.0,0.0,0.0,0.0,0.0,0.0,0.0,0.0,0.0,0.0,0.0,0.0,0.0,0.0,0.0,0.0,0.0,0.0,0.0,0.0,0.0,0.0,0.0,0.0,0.0,0.0,0.0,0.0,0.0,0.0,0.0,0.0,0.0,0.0,0.0,0.0,0.0,0.0,0.0,0.0,0.0,0.0,0.0,0.0,0.0,0.0,0.0,0.0,0.0,0.0,0.0,0.0,
CELRUSDT,-2.8038357471264357E-4,-2.7486092183908064E-4,7.029582528735632E-5,-0.05312272448275866,-0.05120060218390799,3.621795402298853E-7,-3.6616321839080617E-10,-3.6451724137931205E-10,1.8726551724138337E-7,0.0,0.0,0.0,2.6057343678160922E-6,4.973008275862069E-7,0.0,0.0022773793103448296,9.8212183908046E-8,1.038198045977012E-6,0.0,0.0,1.142991954022989E-6,-1.1806609195402296E-6,1.203365862068966E-6,-0.0013617302298850578,-1.3737908045977011E-6,0.0,-8.352505747126436E-10,0.0,0.0,0.0,2.232647126436782E-8,-2.848327241379311E-8,0.0,1.073886206896552E-6,0.0,-6.832406091954026E-6,-4.1685219540229906E-5,-4.1398656321839086E-5,-1.711467816091954E-4,-6.45848850574713E-4,-6.155247126436783E-4,1.2833080459770143E-6,1.630277931034483E-6,0.0,0.0,0.0,0.0,2.903491954022989E-7,5.287827586206915E-6,1.0944362068965521E-7,0.0,0.0,3.128235632183908E-7,6.059932183908044E-6,0.0,-3.4725160919540193E-7,-1.769924137931034E-6,0.0,-8.590006896551726E-9,-4.740111494252873E-6,0.0,2.8433160919540216E-7,-1.6036103448275874E-6,4.644539080459768E-8,0.0,0.0,0.0,1.8501693103448283E-5,2.3104839080459784E-8,0.0,3.1204525287356323E-4,0.0,-1.1490057471263823E-6,-7.33196551724163E-7,0.0,2.3269019310344827E-5,-5.9165643678160996E-6,-6.688104597701147E-4,-6.516362068965518E-4,1.8171510344827586E-6,0.0,0.0,-2.1344390804597697E-7,2.5893735632183922E-8,1.6442133333333336E-6,8.211688505747128E-8,3.0339735632183914E-7,0.0,1.5821183908045973E-6,4.913468965517241E-5,0.0,0.0,-2.3805960919540234E-4,-2.3533009195402305E-4,2.0383787356321838E-6,0.0,2.540097931034483E-5,0.0,2.2539766666666674E-5,0.0,-3.45880908045977E-5,2.1571218390804602E-7,5.0195977011494244E-6,4.603154022988503E-6,0.0,0.0,0.0,1.5945517241379752E-7,7.589678160919542E-7,4.4788219540229893E-5,0.0,-1.464260919540231E-5,0.0,9.169174137931034E-6,0.004417132965517242,0.0,4.281439655172415E-5,0.0,0.0,0.0,1.6515287356321842E-7,0.0,0.0,0.0,0.0,0.0,0.0,0.0,5.634164137931034E-7,0.0,6.164350574712643E-7,0.0,1.8711954022988564E-7,0.0,0.0,0.0,8.927201149425284E-8,2.2642355172413808E-7,-1.1111715287356319E-5,1.0630897701149427E-5,0.0,1.0938679655172411E-7,0.0,-6.93627586206896E-8,-6.82634482758621E-8,1.5009080459770998E-7,0.0,0.0,0.0,0.0,1.7458275862069152E-7,0.0,5.444720804597702E-7,7.777945977011494E-7,0.0,1.0019574712643676E-5,2.5140748275862076E-5,0.0,-2.376129885057472E-9,-2.3761885057471274E-9,0.0,-2.576094942528735E-6,2.12169540229885E-6,0.0,-1.2301183908045973E-6,-4.418211494252868E-4,-3.4992460919540237E-6,-3.4635493103448274E-6,-6.227948620689657E-5,0.0,0.0,0.0,3.798335632183901E-4,3.826956321839082E-4,0.0,1.0006219540229883E-6,4.154611494252877E-6,
CHRUSDT,-0.0026241017126436756,-0.0025636483011494265,7.051631701149426E-4,-0.48021282793103515,-0.4598959332183908,1.1621381609195398E-6,-3.4758873563218607E-9,-3.749896551724144E-9,1.715024137931103E-6,0.0,0.0,2.6057343678160922E-6,0.0,3.8958494482758615E-6,0.0,0.0018056551724137996,2.723259770114944E-7,8.436501494252872E-6,0.0,0.0,1.2863322988505741E-5,-1.2898247126436769E-5,1.1918534827586207E-5,-0.012668854367816096,-1.3720042528735627E-5,0.0,-3.6935264367816136E-9,0.0,0.0,0.0,-8.926214942528744E-8,-2.688160999999999E-7,0.0,7.69688620689655E-6,0.0,-6.124964402298851E-5,-4.0416911609195426E-4,-4.0147631149425287E-4,-0.0018395533333333332,2.3993735632183433E-4,4.962442528735666E-4,2.3559549425287434E-5,1.6216346896551725E-5,0.0,0.0,0.0,0.0,2.232487126436781E-6,-5.688355172413777E-5,1.2812577586206894E-6,0.0,0.0,2.6131614942528737E-6,9.363713908045977E-5,0.0,-6.4159791954022975E-6,-1.902409655172413E-5,0.0,-6.452152413793102E-8,-4.2015732183908037E-5,0.0,2.6578633333333327E-6,-6.7136448275862015E-6,-2.255150574712699E-8,0.0,0.0,0.0,1.5209972758620696E-4,1.1867449425287364E-7,0.0,0.0028325597356321838,0.0,-2.2637959195402242E-4,-2.2630029999999997E-4,0.0,2.1641345034482753E-4,-7.001332298850577E-5,-0.00619230356321839,-0.006077170689655174,1.8349226896551725E-5,0.0,0.0,-4.265788735632184E-6,1.0596856321839092E-7,1.9252368505747125E-5,6.626675747126437E-7,2.414611149425287E-6,0.0,1.2171083908045984E-5,5.546393103448275E-4,0.0,0.0,-0.001936137885057471,-0.0019370587126436782,2.271491321839081E-5,0.0,2.024542206896552E-4,0.0,1.727399390804597E-4,0.0,-3.2622233218390813E-4,1.3859673563218388E-6,2.5846390804597697E-5,2.585036091954018E-5,0.0,0.0,0.0,1.4949724137931636E-6,6.2349126436781604E-6,2.766084264367815E-4,0.0,-1.1731398850574725E-4,0.0,6.623166379310343E-5,0.03850625710344828,0.0,3.3683898275862063E-4,0.0,0.0,0.0,1.093497701149425E-6,0.0,0.0,0.0,0.0,0.0,0.0,0.0,6.205972275862069E-6,0.0,5.681659195402298E-6,0.0,9.111291954022994E-6,0.0,0.0,0.0,1.8689192528735633E-6,9.268756206896555E-7,-1.37787349770115E-4,1.1149800114942529E-4,0.0,4.490996931034481E-7,0.0,-1.8295241379310183E-7,-1.7546344827586148E-7,1.3816425287357372E-6,0.0,0.0,0.0,0.0,1.504375862068985E-6,0.0,7.189323114942529E-6,6.817684252873562E-6,0.0,9.633540229885058E-5,2.760482999999999E-4,0.0,-2.0341164367816093E-8,-2.0522257471264375E-8,0.0,-2.7289132873563205E-5,4.145304022988507E-5,0.0,-9.483114942528732E-6,-0.003976828045977007,-3.369414954022988E-5,-3.355811827586207E-5,-6.67206520689655E-4,0.0,0.0,0.0,0.0037679887356321757,0.0038997094252873595,0.0,1.9597197816091956E-5,6.06614390804598E-5,
CHZUSDT,-3.384168620689653E-4,-3.2783206620689664E-4,1.2589389241379311E-4,-0.020788094068965472,-0.01724562531034478,8.97838E-7,4.763747586206895E-9,4.897313793103446E-9,3.1323310344828804E-7,0.0,0.0,4.973008275862069E-7,3.8958494482758615E-6,0.0,0.0,0.0030929379310344774,1.1609296551724124E-7,1.8655247586206892E-6,0.0,0.0,1.6178206896551728E-6,-3.9935862068965313E-7,2.1178475172413796E-6,-0.001498642344827586,-2.7251424137931023E-6,0.0,8.467937931034504E-10,0.0,0.0,0.0,1.4817933793103442E-7,-3.4846038620689655E-8,0.0,2.4920882758620692E-6,0.0,-1.1432829586206901E-5,-3.8179808965517256E-5,-3.8129826206896566E-5,-2.5641124137931027E-4,0.00321754379310345,0.0032468120689655195,5.181147586206896E-6,3.082400965517241E-6,0.0,0.0,0.0,0.0,6.004051034482759E-7,2.725795172413795E-5,1.7065524137931034E-7,0.0,0.0,6.502848275862067E-7,9.150136551724135E-6,0.0,-6.297866896551726E-7,-5.143894482758617E-6,0.0,-3.6470365517241368E-9,-7.665324827586207E-6,0.0,5.825605862068963E-7,4.643663448275865E-6,2.1892600000000004E-8,0.0,0.0,0.0,5.9406688965517267E-5,5.675564137931034E-8,0.0,4.6002824827586213E-4,0.0,1.2393354137931045E-4,1.234803358620689E-4,0.0,3.334731993103449E-5,9.086422068965528E-6,-6.863433103448274E-4,-6.598520689655174E-4,4.6774042758620685E-6,0.0,0.0,-6.605083448275866E-7,5.3396241379310345E-8,3.2651977931034477E-6,1.449460827586207E-7,6.013945517241381E-7,0.0,5.523264827586205E-6,8.789631379310344E-5,0.0,0.0,-9.844815862068972E-5,-8.658613103448268E-5,3.85717275862069E-6,0.0,5.6073193793103455E-5,0.0,4.781478344827585E-5,0.0,-3.806314965517243E-5,3.554002068965516E-7,1.2664731034482758E-5,2.4262815172413785E-5,0.0,0.0,0.0,2.4584000000001465E-7,1.5273237931034483E-6,1.1561566413793101E-4,0.0,6.853855172413783E-6,0.0,1.6660101379310342E-5,0.0066834864413793105,0.0,9.397993103448273E-5,0.0,0.0,0.0,3.6460724137931044E-7,0.0,0.0,0.0,0.0,0.0,0.0,0.0,7.936737517241381E-7,0.0,1.1873689655172418E-6,0.0,6.841772413793141E-7,0.0,0.0,0.0,4.649156551724139E-7,2.4756496551724538E-8,-2.0414071655172415E-5,2.0446477931034477E-5,0.0,1.596433510344827E-7,0.0,2.0855979310344848E-7,2.1258372413793121E-7,2.3549103448278082E-7,0.0,0.0,0.0,0.0,3.133662068965581E-7,0.0,1.0467886758620688E-6,1.4709299310344827E-6,0.0,1.9680496551724144E-5,5.074756758620692E-5,0.0,-2.7682027586206886E-9,-2.7364841379310355E-9,0.0,-4.384841931034484E-6,6.28123448275862E-6,0.0,8.731034482761554E-9,-2.7067358620689534E-4,-4.8635064137931044E-6,-4.80195048275862E-6,-5.721693034482756E-5,0.0,0.0,0.0,0.0014937783448275856,0.001500294206896552,0.0,2.044563310344828E-6,5.468635172413798E-6,
CKBUSDT,0.0,0.0,0.0,0.0,0.0,0.0,0.0,0.0,0.0,0.0,0.0,0.0,0.0,0.0,0.0,0.0,0.0,0.0,0.0,0.0,0.0,0.0,0.0,0.0,0.0,0.0,0.0,0.0,0.0,0.0,0.0,0.0,0.0,0.0,0.0,0.0,0.0,0.0,0.0,0.0,0.0,0.0,0.0,0.0,0.0,0.0,0.0,0.0,0.0,0.0,0.0,0.0,0.0,0.0,0.0,0.0,0.0,0.0,0.0,0.0,0.0,0.0,0.0,0.0,0.0,0.0,0.0,0.0,0.0,0.0,0.0,0.0,0.0,0.0,0.0,0.0,0.0,0.0,0.0,0.0,0.0,0.0,0.0,0.0,0.0,0.0,0.0,0.0,0.0,0.0,0.0,0.0,0.0,0.0,0.0,0.0,0.0,0.0,0.0,0.0,0.0,0.0,0.0,0.0,0.0,0.0,0.0,0.0,0.0,0.0,0.0,0.0,0.0,0.0,0.0,0.0,0.0,0.0,0.0,0.0,0.0,0.0,0.0,0.0,0.0,0.0,0.0,0.0,0.0,0.0,0.0,0.0,0.0,0.0,0.0,0.0,0.0,0.0,0.0,0.0,0.0,0.0,0.0,0.0,0.0,0.0,0.0,0.0,0.0,0.0,0.0,0.0,0.0,0.0,0.0,0.0,0.0,0.0,0.0,0.0,0.0,0.0,0.0,0.0,0.0,0.0,0.0,0.0,0.0,0.0,0.0,0.0,0.0,0.0,0.0,0.0,0.0,
COMPUSDT,-7.210827586206902,-7.282424827586201,2.9788855172413786,-2310.5126896551733,-2280.20703448276,0.017380413793103445,-5.796965517241393E-5,-5.6606896551724225E-5,0.003695172413792435,0.0,0.0,0.0022773793103448296,0.0018056551724137996,0.0030929379310344774,0.0,0.0,-0.003810482758620692,0.023934758620689663,0.0,0.0,0.029220689655172424,-0.02214482758620685,-0.0076969655172413765,-28.59958620689655,-0.046333793103448255,0.0,-2.8513103448275783E-5,0.0,0.0,0.0,-1.1190344827586435E-4,-8.781144827586221E-4,0.0,0.017060689655172406,0.0,-0.1681513103448276,-1.2401365517241387,-1.222577931034481,-3.71142068965517,-25.407586206896518,-25.17172413793104,-0.0024110344827583583,0.005550620689655165,0.0,0.0,0.0,0.0,0.002065103448275864,-0.2539448275862084,0.0027399310344827584,0.0,0.0,0.0023455172413793055,-0.26571172413793137,0.0,-0.022404275862068956,-0.13035310344827591,0.0,-3.052055172413795E-4,-0.1637144827586209,0.0,0.0054064827586206895,-0.05401241379310348,-0.0030140551724137936,0.0,0.0,0.0,1.2391406896551727,0.002366744827586206,0.0,4.640455172413793,0.0,4.362531034482759,4.325159999999999,0.0,0.26515613793103443,-0.503460689655173,-20.83710344827584,-20.71655172413792,0.03772220689655171,0.0,0.0,3.354482758620585E-4,-7.206896551724192E-5,0.026484689655172408,3.3780689655172415E-4,0.0033204137931034513,0.0,-0.08850068965517247,0.3074068965517238,0.0,0.0,-5.384468965517235,-5.607751724137926,0.011622758620689651,0.0,1.0766317241379313,0.0,0.2745696551724139,0.0,-0.9140703448275862,0.003579862068965514,0.5396000000000001,0.43592551724137907,0.0,0.0,0.0,0.004088275862068283,0.0014675862068965447,4.859046896551725,0.0,-0.318937931034483,0.0,0.4222324137931034,65.67657931034483,0.0,1.3267241379310346,0.0,0.0,0.0,-0.004612413793103445,0.0,0.0,0.0,0.0,0.0,0.0,0.0,0.007284993103448275,0.0,8.779310344827643E-4,0.0,-0.05388137931034473,0.0,0.0,0.0,-0.003374137931034484,-6.108827586206916E-4,-0.14280924137931025,0.6620124137931032,0.0,-8.002799999999988E-4,0.0,-0.003868137931034496,-0.0037266206896551654,0.006001379310345535,0.0,0.0,0.0,0.0,0.003852413793102791,0.0,0.007933089655172407,0.015129241379310359,0.0,0.034331034482758475,0.11140551724137988,0.0,-6.585793103448276E-5,-6.640827586206899E-5,0.0,-4.1931034482715425E-5,-0.05726206896551745,0.0,-0.04578344827586209,-14.633931034482783,-0.11623020689655181,-0.11386634482758623,-1.5182441379310334,0.0,0.0,0.0,30.405241379310333,28.28248275862071,0.0,-0.007990482758620692,-0.034802758620689725,
COSUSDT,-6.408159770114955E-5,-5.8820181609195567E-5,8.175140229885054E-6,-0.005335046206896574,-0.005256644367816143,4.687563218390804E-8,6.753701149425298E-10,7.962758620689658E-10,-3.3627586206892564E-8,0.0,0.0,9.8212183908046E-8,2.723259770114944E-7,1.1609296551724124E-7,0.0,-0.003810482758620692,0.0,2.8311057471264335E-7,0.0,0.0,-6.256091954022978E-8,6.796091954022987E-7,4.5417034482758653E-7,-3.156025287356327E-4,4.3585287356321854E-7,0.0,1.9598022988505747E-9,0.0,0.0,0.0,1.0137839080459753E-8,-5.021917241379327E-9,0.0,5.133379310344823E-7,0.0,-3.220025287356316E-7,-4.984556321839079E-6,-4.298740229885081E-6,-2.030690804597706E-5,-0.0011135632183908054,-0.0011215563218390818,-8.043080459770117E-7,5.6416E-7,0.0,0.0,0.0,0.0,8.841287356321835E-8,4.486137931034497E-6,2.8285172413793118E-8,0.0,0.0,1.1100574712643676E-7,1.989429885057477E-6,0.0,4.6422919540229905E-7,2.140510344827588E-6,0.0,-4.331199999999998E-9,5.799908045977031E-7,0.0,4.212356321839075E-8,-1.5163724137931055E-6,1.329289195402299E-7,0.0,0.0,0.0,1.1293703448275861E-5,1.0377471264367715E-9,0.0,5.2565264367816134E-5,0.0,-1.7915770114942564E-5,-1.6916958620689724E-5,0.0,3.858491034482763E-6,6.3882022988505775E-6,-1.6265678160919572E-4,-1.5867241379310322E-4,5.087455172413789E-7,0.0,0.0,2.222508045977013E-7,3.720333333333332E-8,3.9647977011494277E-7,2.700087356321839E-8,1.3884919540229887E-7,0.0,2.854795402298853E-6,2.020482758620691E-5,0.0,0.0,-1.2450039080459785E-4,-1.1880921839080472E-4,3.336678160919538E-7,0.0,2.076986206896546E-6,0.0,4.946595402298846E-6,0.0,-1.7947885057471344E-6,9.512574712643672E-8,4.2222988505746806E-7,-2.6855678160919606E-6,0.0,0.0,0.0,-5.276551724137653E-8,3.473597701149424E-7,-6.548857471264398E-6,0.0,-7.338252873563234E-6,0.0,8.920379310344822E-7,7.811063448275866E-4,0.0,1.3099620689655161E-5,0.0,0.0,0.0,1.7780574712643672E-7,0.0,0.0,0.0,0.0,0.0,0.0,0.0,1.5700482758620737E-8,0.0,1.5593218390804608E-7,0.0,4.066045977011513E-7,0.0,0.0,0.0,5.935678160919543E-8,1.2023006896551734E-7,2.6645549425287376E-6,4.180257471264367E-6,0.0,7.218356551724132E-8,0.0,-4.5103448275859724E-10,-8.365517241380663E-10,-5.4659770114942226E-8,0.0,0.0,0.0,0.0,-3.401379310344562E-8,0.0,-2.21315632183908E-8,1.8791747126436773E-7,0.0,1.9779770114942527E-6,7.75799310344827E-6,0.0,-4.6347356321839096E-10,-4.367080459770117E-10,0.0,-1.3768436781609206E-7,2.9132183908045965E-6,0.0,-4.0783333333333313E-7,7.560735632183946E-5,-4.243073563218373E-7,-3.9747655172413817E-7,-9.27473793103453E-6,0.0,0.0,0.0,-3.2447494252873594E-4,-2.718094252873568E-4,0.0,-3.188229885057421E-8,1.7624919540229884E-6,
