 ,BNBUSDC,BNBUSDT,BNTUSDT,BTCUSDC,BTCUSDT,BTSUSDT,BTTUSDC,BTTUSDT,BUSDUSDT,BZRXUSDT,CELOUSDT,CELRUSDT,CHRUSDT,CHZUSDT,CKBUSDT,COMPUSDT,COSUSDT,COTIUSDT,CRVUSDT,CTKUSDT,CTSIUSDT,CTXCUSDT,CVCUSDT,DASHUSDT,DATAUSDT,DCRUSDT,DENTUSDT,DGBUSDT,DIAUSDT,DNTUSDT,DOCKUSDT,DOGEUSDT,DOTUSDT,DUSKUSDT,EGLDUSDT,ENJUSDT,EOSUSDC,EOSUSDT,ETCUSDT,ETHUSDC,ETHUSDT,EURUSDT,FETUSDT,FILUSDT,FIOUSDT,FIROUSDT,FLMUSDT,FTMUSDT,FTTUSDT,FUNUSDT,GBPUSDT,GRTUSDT,GTOUSDT,GXSUSDT,HARDUSDT,HBARUSDT,HIVEUSDT,HNTUSDT,HOTUSDT,ICXUSDT,INJUSDT,IOSTUSDT,IOTAUSDT,IOTXUSDT,IRISUSDT,JSTUSDT,JUVUSDT,KAVAUSDT,KEYUSDT,KMDUSDT,KNCUSDT,KSMUSDT,LINKUSDC,LINKUSDT,LITUSDT,LRCUSDT,LSKUSDT,LTCUSDC,LTCUSDT,LTOUSDT,LUNAUSDT,MANAUSDT,MATICUSDT,MBLUSDT,MDTUSDT,MFTUSDT,MITHUSDT,MKRUSDT,MTLUSDT,NANOUSDT,NBSUSDT,NEARUSDT,NEOUSDC,NEOUSDT,NKNUSDT,NMRUSDT,NULSUSDT,OCEANUSDT,OGNUSDT,OGUSDT,OMGUSDT,ONEUSDT,ONGUSDT,ONTUSDT,ORNUSDT,OXTUSDT,PAXGUSDT,PAXUSDT,PERLUSDT,PNTUSDT,PSGUSDT,QTUMUSDT,REEFUSDT,RENUSDT,REPUSDT,RIFUSDT,RLCUSDT,ROSEUSDT,RSRUSDT,RUNEUSDT,RVNUSDT,SANDUSDT,SCUSDT,SFPUSDT,SKLUSDT,SNXUSDT,SOLUSDT,SRMUSDT,STMXUSDT,STORJUSDT,STPTUSDT,STRAXUSDT,STXUSDT,SUSDUSDT,SUSHIUSDT,SXPUSDT,TCTUSDT,TFUELUSDT,THETAUSDT,TOMOUSDT,TRBUSDT,TROYUSDT,TRUUSDT,TRXUSDC,TRXUSDT,TUSDUSDT,TWTUSDT,UMAUSDT,UNFIUSDT,UNIUSDT,USDCUSDT,UTKUSDT,VETUSDT,VITEUSDT,VTHOUSDT,WANUSDT,WAVESUSDT,WINGUSDT,WINUSDC,WINUSDT,WNXMUSDT,WRXUSDT,WTCUSDT,XEMUSDT,XLMUSDT,XMRUSDT,XRPUSDC,XRPUSDT,XTZUSDT,XVSUSDT,YFIIUSDT,YFIUSDT,ZECUSDC,ZECUSDT,ZENUSDT,ZILUSDT,ZRXUSDT,
BNBUSDC,0.0,0.5994663401149424,-0.11655775935632186,176.66139456781596,174.3751918482758,-4.731606091954025E-4,5.722292528735629E-6,5.98150597701149E-6,-2.9101655172413844E-4,0.0,0.0,-2.199640827586206E-4,-0.001417330225287354,2.7655939770115123E-5,0.0,-54.61595628505748,2.4253036781609184E-4,-0.0010684856781609192,0.0,0.0,-5.95774319540229E-4,0.0021470394942528707,4.392442620689662E-4,2.8500255379310317,0.003780106016091953,0.0,7.5782163448275805E-6,0.0,0.0,0.0,1.7094605793103443E-4,7.471819708045977E-5,0.0,-7.887809195402355E-5,0.0,0.011211523006896554,0.10932502158620687,0.10960965062068963,0.3062478132873561,5.2375049103448275,5.184147080459772,0.0024785784367816074,-4.267384E-4,0.0,0.0,0.0,0.0,-8.086148505747137E-5,0.024932851954023002,-7.870342321839076E-5,0.0,0.0,9.15423724137931E-5,0.01243109850574713,0.0,0.001420274013793103,0.010192296045977014,0.0,2.8783832873563217E-5,0.011715904022988504,0.0,-1.3964105540229877E-4,0.008514037494252872,5.045151264367815E-5,0.0,0.0,0.0,-0.02370860190804601,-2.653434781609198E-5,0.0,-0.3527661763218389,0.0,-0.04566654271264378,-0.04566905298850581,0.0,-0.022832243075862055,0.04720096328735633,1.5309866965517236,1.510938434482758,-3.564330988505751E-4,0.0,0.0,2.724388804597703E-4,1.2770128505747115E-5,-6.55184183908046E-4,-2.3586294022988486E-5,-1.186872275862068E-4,0.0,0.0056916793333333295,0.007930229839080481,0.0,0.0,0.5663863225287353,0.5700697222988504,1.7755065287356349E-4,0.0,-0.04879011731034482,0.0,-0.01241426868965517,0.0,0.072533026137931,-2.1947819540229892E-4,-0.029004299011494254,-0.0011362302528735684,0.0,0.0,0.0,-2.8024868965516027E-4,1.1337488965517234E-4,-0.1717028490344828,0.0,0.053762562528735625,0.0,-0.01724282589885058,-4.9045435057471245,0.0,-0.03706899859770116,0.0,0.0,0.0,3.753857977011496E-4,0.0,0.0,0.0,0.0,0.0,0.0,0.0,-5.934526112643674E-4,0.0,4.3861078160919725E-5,0.0,0.003843864643678163,0.0,0.0,0.0,5.949851859770116E-4,-9.402367195402292E-5,0.013657576009195394,-0.021809309471264374,0.0,-1.329130314942532E-5,0.0,4.0183837471264336E-4,4.0026532873563216E-4,-2.622044827586247E-4,0.0,0.0,0.0,0.0,-2.3513981609194675E-4,0.0,-4.0059595586206854E-4,-1.9072128045977008E-4,0.0,0.0010617498160919593,0.003222284689655187,0.0,4.684007586206896E-6,4.701017701149424E-6,0.0,0.0024440171425287333,0.010527570206896548,0.0,0.004123675062068963,1.227536977011494,0.007510083432183907,0.0074761060183908025,0.1543413974022988,0.0,0.0,0.0,0.10124440919540235,0.12822128735632127,0.0,9.757618114942539E-4,-0.0010098690344827596,
BNBUSDT,0.5994663401149424,0.0,-0.11639742367816092,176.04211021839063,173.85926448275853,-4.690772528735632E-4,5.694364022988504E-6,5.9553464367816105E-6,-2.80334482758621E-4,0.0,0.0,-2.1692251724137943E-4,-0.0013807568505747137,3.77785574712643E-5,0.0,-55.40561370114942,2.484671149425285E-4,-0.0010578417701149424,0.0,0.0,-5.826193908045977E-4,0.002121874022988504,4.5354534482758567E-4,2.8441607241379305,0.0037903397701149416,0.0,7.574224137931034E-6,0.0,0.0,0.0,1.7437690344827584E-4,7.472854436781608E-5,0.0,-5.9412183908046133E-5,0.0,0.011176175517241378,0.10939151620689655,0.10972975103448275,0.3065123374712643,5.221713620689655,5.170566091954024,0.002423245632183906,-4.003735172413799E-4,0.0,0.0,0.0,0.0,-7.52370114942529E-5,0.024905552873563223,-7.762811609195415E-5,0.0,0.0,9.913831034482744E-5,0.012572556666666656,0.0,0.0014338889310344816,0.01025832195402299,0.0,2.8692582988505743E-5,0.011780901494252873,0.0,-1.3652655977011499E-4,0.008464962643678159,5.359415977011489E-5,0.0,0.0,0.0,-0.024363596091954032,-2.645144597701149E-5,0.0,-0.3507772195402299,0.0,-0.04684975494252869,-0.04683265218390796,0.0,-0.022659072620689658,0.04746456298850576,1.5257243793103443,1.5064172758620684,-3.354349080459772E-4,0.0,0.0,2.7757250574712676E-4,1.3479856321839085E-5,-6.374830919540226E-4,-2.288907701149428E-5,-1.1400241379310344E-4,0.0,0.005766416321839077,0.008969349885057449,0.0,0.0,0.5638590022988506,0.5675869563218391,2.2154136781609162E-4,0.0,-0.04882249379310345,0.0,-0.012125180689655173,0.0,0.07208939482758621,-2.1671525287356326E-4,-0.02933225816091954,-0.001194844712643681,0.0,0.0,0.0,-2.70008620689643E-4,1.3303889655172388E-4,-0.17336620931034474,0.0,0.05374720574712643,0.0,-0.017263425873563217,-4.8750310114942526,0.0,-0.03660415229885056,0.0,0.0,0.0,3.865233333333331E-4,0.0,0.0,0.0,0.0,0.0,0.0,0.0,-5.870534666666667E-4,0.0,4.449925287356294E-5,0.0,0.003866595632183904,0.0,0.0,0.0,5.977610195402299E-4,-9.369236321839119E-5,0.013531095183908045,-0.0218569635632184,0.0,-1.0309218850574767E-5,0.0,3.983092873563216E-4,3.9689147126436793E-4,-2.5160068965517616E-4,0.0,0.0,0.0,0.0,-2.2452528735631444E-4,0.0,-3.974475517241381E-4,-1.7558847126436817E-4,0.0,0.0012268808045976956,0.0037804127586206736,0.0,4.661664137931035E-6,4.679630919540229E-6,0.0,0.0024116191264367806,0.010687493448275858,0.0,0.004108821827586206,1.2246377471264367,0.007504529609195402,0.007471685885057471,0.15432935839080458,0.0,0.0,0.0,0.09776073563218447,0.12526116091954004,0.0,9.91308747126436E-4,-9.653120689655229E-4,
BNTUSDT,-0.11655775935632186,-0.11639742367816092,0.0,-30.100813780459756,-29.915847037931027,1.5464059770114942E-4,-4.729993678160916E-7,-5.414478160919543E-7,2.5814999999997936E-5,0.0,0.0,4.626453103448279E-5,2.8197278850574715E-4,-2.9935374712644012E-6,0.0,12.462086721839082,-4.134247701149425E-5,2.4944835632183905E-4,0.0,0.0,1.6368184252873566E-4,-3.3087616091954014E-4,-1.001298827586207E-4,-0.5302792965517239,-7.944443494252875E-4,0.0,-1.061382551724138E-6,0.0,0.0,0.0,-2.9866782068965518E-5,-1.5503310643678157E-5,0.0,1.0088452873563217E-4,0.0,-0.002024051231034483,-0.021823332103448282,-0.021749200793103447,-0.061939549436781614,-0.7075413586206902,-0.7047027816091954,-1.8812987356321784E-4,1.0675671034482762E-4,0.0,0.0,0.0,0.0,2.7694318390804616E-5,-0.0033998301149425337,1.919477264367817E-5,0.0,0.0,-1.0759372413793083E-5,-0.002578578563218391,0.0,-3.164587896551723E-4,-0.0022749368505747135,0.0,-5.7675160919540245E-6,-0.0020348763218390803,0.0,5.009824390804597E-5,-0.0012838970919540238,-3.3962770114942612E-6,0.0,0.0,0.0,0.008950349609195402,1.120503459770115E-5,0.0,0.08008384126436782,0.0,0.03264326759770114,0.03266001856321838,0.0,0.00474239904137931,-0.009135536678160926,-0.30936083448275864,-0.3049250379310344,3.0273475977011496E-4,0.0,0.0,-2.5940116091954076E-5,1.3839191954022982E-6,1.713201781609195E-4,4.514985977011497E-6,3.0268089655172425E-5,0.0,-9.429683563218388E-4,-0.0015229282298850593,0.0,0.0,-0.10551257885057468,-0.10582990045977013,-8.840711264367814E-5,0.0,0.014185507137931035,0.0,0.0027330557586206896,0.0,-0.012723880103448272,6.318318390804597E-5,0.007226700160919539,0.0017525382988505733,0.0,0.0,0.0,2.4444379310342703E-5,2.0136448275861868E-6,0.05609773472413795,0.0,-0.00798839643678161,0.0,0.00489137216321839,1.0656700994252872,0.0,0.010179727160919541,0.0,0.0,0.0,-7.410599885057466E-5,0.0,0.0,0.0,0.0,0.0,0.0,0.0,1.1028804287356322E-4,0.0,-1.0803859770114935E-5,0.0,-6.799428045977008E-4,0.0,0.0,0.0,-1.256433354022989E-4,2.5237124252873594E-5,-0.0021530638597701155,0.006044464356321842,0.0,3.5972070574712664E-6,0.0,-4.9515828735632185E-5,-4.9339185057471276E-5,1.7066551724138583E-5,0.0,0.0,0.0,0.0,1.1298839080458658E-5,0.0,1.11337504137931E-4,5.414401609195397E-5,0.0,9.197098850574703E-5,1.9344237931034626E-4,0.0,-1.0004517241379308E-6,-9.961622988505747E-7,0.0,-2.8699411954022965E-4,-0.0015084207241379314,0.0,-8.003885620689658E-4,-0.17352169540229906,-0.0016177041160919544,-0.0016070525816091951,-0.030120221425287357,0.0,0.0,0.0,0.12152420574712638,0.12112118390804608,0.0,-2.0096597816091953E-4,9.489511034482766E-4,
BTCUSDC,176.66139456781596,176.04211021839063,-30.100813780459756,0.0,59554.980452068936,-0.09456861609195381,0.0018202524770114946,0.0019135175632183905,-0.10307729310344792,0.0,0.0,-0.04867625310344828,-0.27149559494252906,0.051042316045977115,0.0,-17802.288742298846,0.10029107643678156,-0.2688167195402296,0.0,0.0,-0.16897086816091972,0.6501381563218392,0.2113434917241375,853.4375262068959,1.14312556367816,0.0,0.002400174668965516,0.0,0.0,0.0,0.05964180510344829,0.02231490432873562,0.0,0.07971960459770146,0.0,3.3485224403448264,32.705051968965506,32.86176080344826,91.82690007011489,1764.1348496551723,1744.003097701149,0.9896453781609186,-0.024714753793103537,0.0,0.0,0.0,0.0,-0.009715732988505688,10.999155195402306,-0.015505061287356358,0.0,0.0,0.054455823448275854,4.605584867816086,0.0,0.4788029720689656,3.1671788459770096,0.0,0.008427129666666663,3.682076436781609,0.0,-0.02089564209195401,2.6409804218390796,0.0305415691954023,0.0,0.0,0.0,-6.2668456045977,-0.0070377321954022964,0.0,-96.61257332183911,0.0,-8.855815322988466,-8.81943314367811,0.0,-6.273365517931035,14.860331277011499,453.21850413793084,448.96196931034444,0.06451470218390831,0.0,0.0,0.11258708287356337,0.008695191643678173,-0.17826876494252877,-0.003444596988505754,-0.011786060689655157,0.0,2.260435295402299,6.550307328735628,0.0,0.0,167.45126845977003,169.6690156781609,0.1234948825287356,0.0,-12.8069599551724,0.0,-2.3123860241379255,0.0,22.00347583793102,-0.04814280919540225,-8.535332383908043,0.6526609057471272,0.0,0.0,0.0,-0.10038792068965031,0.10677396655172411,-45.12310761034479,0.0,17.671594356321833,0.0,-4.549665714022986,-1330.8788231609196,0.0,-8.591111290804585,0.0,0.0,0.0,0.15528171942528732,0.0,0.0,0.0,0.0,0.0,0.0,0.0,-0.16822704267816097,0.0,0.047405735402298706,0.0,1.2923541540229873,0.0,0.0,0.0,0.18183826514942522,-0.026864699781609436,3.9326143698850555,-5.846318102298847,0.0,0.0071904153402298976,0.0,0.130762146091954,0.13007920701149422,-0.0959409655172414,0.0,0.0,0.0,0.0,-0.08527306781608912,0.0,-0.09690939524137937,-0.013057059080459774,0.0,1.0459804643678148,3.3351938310344798,0.0,0.0013393893103448272,0.001347211528735632,0.0,0.6273089866666667,3.8150169344827574,0.0,1.2155915734482758,402.72525804597694,2.2438643449425277,2.2383982466666654,47.06911456781608,0.0,0.0,0.0,84.03372885057478,99.80474252873546,0.0,0.3492437828735626,0.30603837241378967,
BTCUSDT,174.3751918482758,173.85926448275853,-29.915847037931027,59554.980452068936,0.0,-0.09056386551724144,0.0017707642241379321,0.0018636588965517257,-0.0993359482758619,0.0,0.0,-0.047845368275862006,-0.26424492896551705,0.052606068068965534,0.0,-17731.817807586212,0.09953255344827587,-0.26325378620689643,0.0,0.0,-0.16467915758620683,0.638914979310344,0.21095715931034503,844.0192179310336,1.132127919310345,0.0,0.0023507361310344827,0.0,0.0,0.0,0.059552918827586225,0.022088334737931026,0.0,0.08131801379310359,0.0,3.2977948513793085,32.343830713793096,32.502644313793105,90.97665844482758,1740.4439579310342,1721.1823724137932,0.967541003448276,-0.021990669655172167,0.0,0.0,0.0,0.0,-0.009395373448275745,10.903583724137944,-0.015032937517241385,0.0,0.0,0.0550913710344828,4.562703327586209,0.0,0.47670093896551713,3.1500531862068963,0.0,0.00831906524137931,3.644033689655173,0.0,-0.02006861613793101,2.5941851827586206,0.03024595034482762,0.0,0.0,0.0,-6.415236013793106,-0.006878479620689667,0.0,-95.32972106896548,0.0,-9.053582444827597,-9.0077260862069,0.0,-6.171707311724135,14.708080237931043,448.0352979310344,443.99537137931014,0.06498364862068966,0.0,0.0,0.11397058931034494,0.008672024034482768,-0.17646384999999995,-0.0032721028275861895,-0.010866645517241324,0.0,2.2345499413793095,6.601888220689661,0.0,0.0,165.20668151724132,167.41195124137928,0.12927381793103473,0.0,-12.680386927586206,0.0,-2.2248717551724138,0.0,21.69770583103447,-0.04750802068965509,-8.483997193103452,0.6648007310344789,0.0,0.0,0.0,-0.09681003103447813,0.10939968655172422,-44.810941444827584,0.0,17.473321413793105,0.0,-4.49280403724138,-1309.9980067241374,0.0,-8.435651093103449,0.0,0.0,0.0,0.1556161451724138,0.0,0.0,0.0,0.0,0.0,0.0,0.0,-0.1649432133448275,0.0,0.047357511034482845,0.0,1.2832064344827578,0.0,0.0,0.0,0.1796932131724138,-0.025980747551724113,3.8801803834482733,-5.81561293448276,0.0,0.007394655634482796,0.0,0.12762581344827587,0.1269849651724138,-0.09221665517241401,0.0,0.0,0.0,0.0,-0.08164896896551473,0.0,-0.09616938806896547,-0.010023205517241377,0.0,1.0658307448275883,3.377063024137934,0.0,0.001320256827586207,0.0013277909655172407,0.0,0.6070813848275857,3.779248472413794,0.0,1.1991272175862069,396.63327758620693,2.220484213448276,2.215376522068966,46.64614398620687,0.0,0.0,0.0,84.7117858620688,100.1984206896548,0.0,0.34518020310344844,0.3032827103448277,
BTSUSDT,-4.731606091954025E-4,-4.690772528735632E-4,1.5464059770114942E-4,-0.09456861609195381,-0.09056386551724144,0.0,-4.925735632183909E-9,-4.9686666666666654E-9,3.6186206896550297E-7,0.0,0.0,2.575137931034483E-7,-3.7260229885057573E-7,6.067705747126435E-7,0.0,0.05002355747126439,-9.44850574712644E-8,1.8992298850574706E-6,0.0,0.0,6.67519540229885E-7,9.248850574712659E-7,-1.0593793103448194E-7,-0.00172200344827586,-3.08477816091954E-6,0.0,-7.981034482758618E-9,0.0,0.0,0.0,4.025551724137927E-8,-5.78162528735632E-8,0.0,1.5071264367816087E-6,0.0,-1.1462937931034485E-5,-7.550017241379313E-5,-7.558789655172417E-5,-1.871957011494253E-4,-0.0019296448275862082,-0.0018467563218390853,-1.3198160919540472E-6,6.479379310344833E-7,0.0,0.0,0.0,0.0,1.6294367816091967E-7,2.3180804597701153E-5,1.351552873563219E-7,0.0,0.0,2.719758620689656E-7,-1.335002298850575E-5,0.0,-4.4145517241379295E-7,-8.000114942528743E-6,0.0,-2.3854287356321855E-8,-9.131988505747127E-6,0.0,4.4902781609195385E-7,-6.438494252873565E-6,-2.1468505747126387E-8,0.0,0.0,0.0,2.4185425287356353E-5,1.0261126436781611E-7,0.0,3.5339528735632184E-4,0.0,2.2516774712643688E-4,2.261352988505747E-4,0.0,2.319726206896552E-5,-3.042504597701153E-5,-0.001065434482758621,-0.0010265034482758618,2.6461712643678153E-6,0.0,0.0,7.398022988505746E-7,4.1903218390804595E-8,2.763252873563216E-7,5.866540229885057E-8,3.4289310344827604E-7,0.0,-2.3018505747126486E-6,9.077919540229848E-6,0.0,0.0,-4.046263218390806E-4,-3.92376091954023E-4,1.6187816091953956E-7,0.0,7.462186206896555E-5,0.0,3.180427586206896E-5,0.0,-4.836941379310344E-5,3.552367816091953E-7,3.727749425287357E-5,3.157511494252872E-5,0.0,0.0,0.0,3.3617241379308324E-7,8.631241379310342E-7,3.355025862068966E-4,0.0,-1.7169770114942524E-5,0.0,2.9911222988505748E-5,0.005772930574712643,0.0,7.593470114942527E-5,0.0,0.0,0.0,8.89850574712649E-8,0.0,0.0,0.0,0.0,0.0,0.0,0.0,4.4322057471264337E-7,0.0,1.6111494252873565E-7,0.0,-2.5281609195402304E-6,0.0,0.0,0.0,-6.136445977011499E-7,2.4510574712643675E-7,-3.827316091954026E-6,2.7881781609195406E-5,0.0,7.471973563218395E-8,0.0,-4.168643678160923E-7,-4.118494252873566E-7,3.272758620689708E-7,0.0,0.0,0.0,0.0,3.564367816091707E-7,0.0,2.3868206896551703E-7,8.636977011494252E-7,0.0,7.6045632183908E-6,1.0471965517241394E-5,0.0,-4.861379310344827E-9,-4.8423908045977E-9,0.0,-3.1791425287356357E-6,-6.268413793103452E-6,0.0,-3.4290103448275863E-6,-7.028839080459767E-4,-5.991556321839085E-6,-5.844370114942527E-6,-7.554495402298848E-5,0.0,0.0,0.0,0.0017398528735632186,0.0017152436781609202,0.0,-2.14872183908046E-6,4.2243448275862125E-6,
BTTUSDC,5.722292528735629E-6,5.694364022988504E-6,-4.729993678160916E-7,0.0018202524770114946,0.0017707642241379321,-4.925735632183909E-9,0.0,1.50474367816092E-10,-5.428448275862091E-9,0.0,0.0,-1.6578620689655174E-9,-2.3015057471264376E-8,-9.138390804598131E-11,0.0,-3.224460114942528E-4,2.901304597701151E-9,-1.030370114942529E-8,0.0,0.0,-8.22585632183909E-9,2.5044022988505763E-8,2.4856206896551694E-9,2.45301724137931E-5,2.5026735632183895E-8,0.0,1.105286206896552E-10,0.0,0.0,0.0,1.805275862068966E-9,6.131405747126431E-10,0.0,9.46436781609198E-10,0.0,1.1152532758620691E-7,1.0681505172413794E-6,1.0653229310344828E-6,2.378391436781609E-6,5.790168965517241E-5,5.666998850574718E-5,3.1265804597701256E-8,-1.8952068965517292E-9,0.0,0.0,0.0,0.0,1.1916954022988519E-9,3.2086666666666646E-7,-1.3378574712643692E-9,0.0,0.0,4.819310344827571E-10,7.246856321839074E-8,0.0,1.143198275862068E-8,5.193505747126438E-8,0.0,2.6163264367816094E-10,1.1884218390804603E-7,0.0,-1.1221390804597706E-9,1.1149833333333338E-7,1.449642528735633E-9,0.0,0.0,0.0,1.4380218390804585E-7,-2.3398218390804633E-10,0.0,-2.844541954022989E-6,0.0,7.846600574712646E-7,7.763521264367819E-7,0.0,-2.2699400000000016E-7,5.407169540229886E-7,1.368579310344828E-5,1.3237258620689658E-5,1.8174195402298854E-9,0.0,0.0,-5.972356321839079E-10,3.650097701149425E-10,8.408563218390811E-10,-1.8809770114942549E-10,-5.138620689655162E-10,0.0,7.747270114942533E-8,-2.088563218390794E-8,0.0,0.0,5.204926436781609E-6,5.219990804597703E-6,-8.55170114942529E-9,0.0,-2.3160913793103438E-7,0.0,-1.2557500000000014E-7,0.0,7.049591379310345E-7,-6.947356321839075E-10,-1.6443402298850572E-7,9.241839080459608E-9,0.0,0.0,0.0,-5.237413793103328E-9,-6.455344827586244E-10,-7.47468103448276E-7,0.0,5.579695402298853E-7,0.0,-1.1659011494252878E-7,-4.500073045977014E-5,0.0,-1.9243729885057467E-7,0.0,0.0,0.0,2.001833333333333E-9,0.0,0.0,0.0,0.0,0.0,0.0,0.0,-7.692754597701152E-9,0.0,3.5011494252873376E-10,0.0,1.8029770114942546E-8,0.0,0.0,0.0,5.945167816091955E-9,-2.0972580459770146E-9,1.4259604597701155E-7,-1.0407994252873559E-7,0.0,3.0266666666663655E-12,0.0,6.6835804597701205E-9,6.67090229885058E-9,-5.3124137931035126E-9,0.0,0.0,0.0,0.0,-5.047873563218282E-9,0.0,-2.9483344827586217E-9,-3.3660229885057493E-9,0.0,-1.1774022988505792E-8,1.8289482758620628E-8,0.0,4.39534482758621E-11,4.4923333333333356E-11,0.0,4.545736781609196E-8,1.0020568965517236E-7,0.0,4.030356896551726E-8,1.5897522988505754E-5,6.19469367816092E-8,6.117605747126438E-8,1.2399963218390805E-6,0.0,0.0,0.0,1.8745114942528764E-6,2.449747126436775E-6,0.0,3.101419540229886E-9,-1.0825172413793114E-8,
BTTUSDT,5.98150597701149E-6,5.9553464367816105E-6,-5.414478160919543E-7,0.0019135175632183905,0.0018636588965517257,-4.9686666666666654E-9,1.50474367816092E-10,0.0,-5.504137931034491E-9,0.0,0.0,-1.7537586206896558E-9,-2.397081609195402E-8,4.9036781609194154E-11,0.0,-3.5054463218390825E-4,3.1281494252873576E-9,-1.0849390804597705E-8,0.0,0.0,-8.897597701149426E-9,2.6780919540229872E-8,2.845448275862074E-9,2.602758620689655E-5,2.6962701149425283E-8,0.0,1.1475655172413788E-10,0.0,0.0,0.0,1.917668965517242E-9,6.505650574712637E-10,0.0,1.1854022988505796E-9,0.0,1.1626944827586208E-7,1.1265886206896552E-6,1.1234296551724142E-6,2.5455360919540236E-6,6.044027586206897E-5,5.920919540229887E-5,3.1885287356321945E-8,-1.8226206896551792E-9,0.0,0.0,0.0,0.0,1.1151954022988497E-9,3.42249425287356E-7,-1.3640333333333336E-9,0.0,0.0,6.339999999999989E-10,7.687942528735637E-8,0.0,1.2306620689655169E-8,5.6989885057471367E-8,0.0,2.745602298850575E-10,1.2323873563218397E-7,0.0,-1.158387356321839E-9,1.142412643678161E-7,1.5563459770114934E-9,0.0,0.0,0.0,1.3573149425287317E-7,-2.384045977011498E-10,0.0,-3.0533126436781603E-6,0.0,7.629281609195396E-7,7.548236781609194E-7,0.0,-2.3998862068965517E-7,5.663936781609196E-7,1.43886551724138E-5,1.3940172413793104E-5,1.963850574712644E-9,0.0,0.0,-3.5545977011493834E-10,3.833080459770113E-10,6.715977011494234E-10,-1.9495977011494264E-10,-4.971379310344817E-10,0.0,8.241563218390806E-8,-1.7101149425286095E-9,0.0,0.0,5.453367816091954E-6,5.476477011494256E-6,-8.251252873563215E-9,0.0,-2.5634000000000003E-7,0.0,-1.2834413793103458E-7,0.0,7.398686206896552E-7,-7.960459770114955E-10,-1.7880609195402298E-7,1.128252873563201E-8,0.0,0.0,0.0,-5.343448275861944E-9,-3.59034482758623E-10,-8.400868965517246E-7,0.0,5.84864367816092E-7,0.0,-1.2467045977011499E-7,-4.7564159770114924E-5,0.0,-2.0083954022988508E-7,0.0,0.0,0.0,2.361781609195407E-9,0.0,0.0,0.0,0.0,0.0,0.0,0.0,-8.0195908045977E-9,0.0,4.813908045977003E-10,0.0,1.9340114942528798E-8,0.0,0.0,0.0,6.2610850574712645E-9,-2.238145977011493E-9,1.4771625287356333E-7,-1.1385390804597706E-7,0.0,2.675252873563222E-11,0.0,6.874942528735633E-9,6.859781609195402E-9,-5.371034482758668E-9,0.0,0.0,0.0,0.0,-5.113908045976891E-9,0.0,-3.187006896551724E-9,-3.2722988505747114E-9,0.0,-1.0390919540229884E-8,2.586655172413812E-8,0.0,4.634103448275864E-11,4.737436781609198E-11,0.0,4.532254022988505E-8,1.0912310344827582E-7,0.0,4.2182206896551724E-8,1.641278160919541E-5,6.596991954022994E-8,6.521560919540231E-8,1.323952183908046E-6,0.0,0.0,0.0,1.9832528735632225E-6,2.6253333333333305E-6,0.0,3.686160919540231E-9,-1.3665862068965507E-8,
BUSDUSDT,-2.9101655172413844E-4,-2.80334482758621E-4,2.5814999999997936E-5,-0.10307729310344792,-0.0993359482758619,3.6186206896550297E-7,-5.428448275862091E-9,-5.504137931034491E-9,0.0,0.0,0.0,1.097241379310361E-7,7.997586206896903E-7,1.6305172413793934E-7,0.0,0.00839344827586016,-8.691379310344296E-8,6.685862068965258E-7,0.0,0.0,5.522586206896221E-7,-1.8868965517242477E-6,-5.9482758620675244E-8,-0.0012582068965517287,-1.4010344827586041E-6,0.0,-5.398620689655163E-9,0.0,0.0,0.0,-3.135862068965435E-8,-2.9354137931034055E-8,0.0,1.8931034482757255E-7,0.0,-5.904431034482748E-6,-4.569051724137936E-5,-4.542879310344835E-5,-1.12720517241379E-4,-0.0031404137931034773,-0.003044758620689683,-2.6336206896552127E-6,3.2386206896552944E-7,0.0,0.0,0.0,0.0,5.3844827586209484E-8,-1.4279310344827074E-5,3.4899999999995435E-8,0.0,0.0,5.537931034483091E-8,-5.5467241379308735E-6,0.0,-2.9746551724135533E-7,-2.2313793103447497E-6,0.0,-1.3786206896551678E-8,-4.86034482758615E-6,0.0,8.828620689654656E-8,-5.64775862068968E-6,-2.3889655172409017E-8,0.0,0.0,0.0,-8.840689655173567E-6,2.023275862068816E-8,0.0,1.6051551724137627E-4,0.0,-2.9642931034487463E-5,-2.9016034482763316E-5,0.0,1.2422586206896388E-5,-1.8444655172413594E-5,-7.00655172413796E-4,-6.788103448275877E-4,3.539655172410962E-8,0.0,0.0,4.9672413793094034E-8,-5.325862068965961E-9,3.6115517241377527E-7,2.3279310344828075E-8,8.951724137931113E-8,0.0,-3.2143103448275547E-6,5.1758620689661045E-6,0.0,0.0,-2.918137931034509E-4,-2.926206896551743E-4,7.046551724138092E-7,0.0,1.3958448275861236E-5,0.0,1.1693620689655272E-5,0.0,-3.904189655172443E-5,7.744827586206683E-8,5.577241379309453E-6,-4.048275862073944E-7,0.0,0.0,0.0,4.150000000000001E-7,2.124999999999985E-7,3.5416724137926056E-5,0.0,-2.6650000000000428E-5,0.0,6.74237931034457E-6,0.002563453448275823,0.0,2.0406724137930518E-5,0.0,0.0,0.0,-2.3672413793092133E-8,0.0,0.0,0.0,0.0,0.0,0.0,0.0,3.930051724137961E-7,0.0,-2.1758620689645392E-8,0.0,-1.4424137931034419E-6,0.0,0.0,0.0,-2.5089310344827146E-7,1.1015344827585475E-7,-6.855000000000176E-6,3.670862068964696E-6,0.0,3.223724137931188E-8,0.0,-3.605344827586223E-7,-3.5622413793103614E-7,4.2965517241380816E-7,0.0,0.0,0.0,0.0,4.2017241379310617E-7,0.0,9.537586206896359E-8,3.521724137931017E-7,0.0,1.6624137931034843E-6,2.530172413793357E-6,0.0,-2.3106896551723797E-9,-2.3351724137930666E-9,0.0,-2.100896551724163E-6,-4.209827586206905E-6,0.0,-2.0834999999999827E-6,-7.887413793103558E-4,-3.153465517241335E-6,-3.1130689655171986E-6,-5.867724137930964E-5,0.0,0.0,0.0,-6.59827586207266E-5,-1.0510344827589495E-4,0.0,-5.394655172413679E-7,-1.1003448275865207E-6,
BZRXUSDT,0.0,0.0,0.0,0.0,0.0,0.0,0.0,0.0,0.0,0.0,0.0,0.0,0.0,0.0,0.0,0.0,0.0,0.0,0.0,0.0,0.0,0.0,0.0,0.0,0.0,0.0,0.0,0.0,0.0,0.0,0.0,0.0,0.0,0.0,0.0,0.0,0.0,0.0,0.0,0.0,0.0,0.0,0.0,0.0,0.0,0.0,0.0,0.0,0.0,0.0,0.0,0.0,0.0,0.0,0.0,0.0,0.0,0.0,0.0,0.0,0.0,0.0,0.0,0.0,0.0,0.0,0.0,0.0,0.0,0.0,0.0,0.0,0.0,0.0,0.0,0.0,0.0,0.0,0.0,0.0,0.0,0.0,0.0,0.0,0.0,0.0,0.0,0.0,0.0,0.0,0.0,0.0,0.0,0.0,0.0,0.0,0.0,0.0,0.0,0.0,0.0,0.0,0.0,0.0,0.0,0.0,0.0,0.0,0.0,0.0,0.0,0.0,0.0,0.0,0.0,0.0,0.0,0.0,0.0,0.0,0.0,0.0,0.0,0.0,0.0,0.0,0.0,0.0,0.0,0.0,0.0,0.0,0.0,0.0,0.0,0.0,0.0,0.0,0.0,0.0,0.0,0.0,0.0,0.0,0.0,0.0,0.0,0.0,0.0,0.0,0.0,0.0,0.0,0.0,0.0,0.0,0.0,0.0,0.0,0.0,0.0,0.0,0.0,0.0,0.0,0.0,0.0,0.0,0.0,0.0,0.0,0.0,0.0,0.0,0.0,0.0,0.0,
CELOUSDT,0.0,0.0,0.0,0.0,0.0,0.0,0.0,0.0,0.0,0.0,0.0,0.0,0.0,0.0,0.0,0.0,0.0,0.0,0.0,0.0,0.0,0.0,0.0,0.0,0.0,0.0,0.0,0.0,0.0,0.0,0.0,0.0,0.0,0.0,0.0,0.0,0.0,0.0,0.0,0.0,0.0,0.0,0.0,0.0,0.0,0.0,0.0,0.0,0.0,0.0,0.0,0.0,0.0,0.0,0.0,0.0,0.0,0.0,0.0,0.0,0.0,0.0,0.0,0.0,0.0,0.0,0.0,0.0,0.0,0.0,0.0,0.0,0.0,0.0,0.0,0.0,0.0,0.0,0.0,0.0,0.0,0.0,0.0,0.0,0.0,0.0,0.0,0.0,0.0,0.0,0.0,0.0,0.0,0.0,0.0,0.0,0.0,0.0,0.0,0.0,0.0,0.0,0.0,0.0,0.0,0.0,0.0,0.0,0.0,0.0,0.0,0.0,0.0,0.0,0.0,0.0,0.0,0.0,0.0,0.0,0.0,0.0,0.0,0.0,0.0,0.0,0.0,0.0,0.0,0.0,0.0,0.0,0.0,0.0,0.0,0.0,0.0,0.0,0.0,0.0,0.0,0.0,0.0,0.0,0.0,0.0,0.0,0.0,0.0,0.0,0.0,0.0,0.0,0.0,0.0,0.0,0.0,0.0,0.0,0.0,0.0,0.0,0.0,0.0,0.0,0.0,0.0,0.0,0.0,0.0,0.0,0.0,0.0,0.0,0.0,0.0,0.0,
CELRUSDT,-2.199640827586206E-4,-2.1692251724137943E-4,4.626453103448279E-5,-0.04867625310344828,-0.047845368275862006,2.575137931034483E-7,-1.6578620689655174E-9,-1.7537586206896558E-9,1.097241379310361E-7,0.0,0.0,0.0,1.3271124137931032E-6,2.143515172413793E-7,0.0,0.0025996717241379324,6.279310344827586E-8,6.340551724137932E-7,0.0,0.0,6.612544827586209E-7,-1.6398482758620693E-6,5.41824827586207E-7,-0.0011123786206896549,-9.503703448275862E-7,0.0,-2.3182137931034494E-9,0.0,0.0,0.0,8.943448275862261E-10,-2.2924434482758623E-8,0.0,4.7232413793103454E-7,0.0,-4.3349606896551715E-6,-3.775616551724138E-5,-3.7408600000000006E-5,-1.0208826206896553E-4,-0.0017314006896551723,-0.0017061241379310354,-6.548068965517195E-7,8.025062068965517E-7,0.0,0.0,0.0,0.0,1.8504551724137935E-7,5.0164827586207E-6,5.760351724137934E-8,0.0,0.0,1.5018827586206896E-7,2.1126206896551705E-6,0.0,-1.0912827586206871E-7,-1.3138827586206905E-6,0.0,-1.0229758620689659E-8,-2.5671034482758623E-6,0.0,1.4042248275862064E-7,-3.491903448275863E-6,6.82744827586207E-8,0.0,0.0,0.0,-6.821862068965415E-7,8.454344827586204E-9,0.0,2.2048220689655174E-4,0.0,-1.518622068965517E-5,-1.4580827586206912E-5,0.0,1.5824333103448277E-5,-1.1450744827586222E-5,-5.670744827586207E-4,-5.503303448275861E-4,5.017296551724139E-7,0.0,0.0,4.614965517241379E-8,1.503006896551725E-8,4.5670689655172394E-7,4.644958620689655E-8,1.677268965517242E-7,0.0,5.282068965517143E-8,2.015318620689655E-5,0.0,0.0,-2.4582882758620694E-4,-2.455680689655173E-4,7.246524137931033E-7,0.0,1.683229655172414E-5,0.0,1.235181379310345E-5,0.0,-2.8847220689655173E-5,1.7824827586206893E-7,3.859013793103448E-6,-3.955103448275875E-7,0.0,0.0,0.0,1.0429655172413954E-7,3.9038482758620685E-7,3.333774482758621E-5,0.0,-1.729565517241379E-5,0.0,6.902290344827584E-6,0.0030629962068965512,0.0,2.0591027586206895E-5,0.0,0.0,0.0,1.0647793103448285E-7,0.0,0.0,0.0,0.0,0.0,0.0,0.0,3.546964827586206E-7,0.0,2.7715931034482766E-7,0.0,-3.2618620689655196E-7,0.0,0.0,0.0,-1.5493131034482765E-7,2.6777744827586205E-7,-5.840047586206897E-6,5.565979310344835E-6,0.0,1.0370553103448275E-7,0.0,-1.642951724137931E-7,-1.638641379310345E-7,9.351724137931445E-8,0.0,0.0,0.0,0.0,9.739310344827729E-8,0.0,2.3375848275862062E-7,4.0044965517241386E-7,0.0,5.0721931034482765E-6,1.1898282758620687E-5,0.0,-2.040034482758621E-9,-2.036586206896552E-9,0.0,-1.3010565517241377E-6,-1.2600620689655172E-6,0.0,-1.5864048275862067E-6,-3.810275862068963E-4,-2.510681379310345E-6,-2.48558827586207E-6,-5.161197931034483E-5,0.0,0.0,0.0,1.0697931034482308E-5,9.037931034482678E-6,0.0,-5.167103448275889E-8,2.4019172413793115E-6,
CHRUSDT,-0.001417330225287354,-0.0013807568505747137,2.8197278850574715E-4,-0.27149559494252906,-0.26424492896551705,-3.7260229885057573E-7,-2.3015057471264376E-8,-2.397081609195402E-8,7.997586206896903E-7,0.0,0.0,1.3271124137931032E-6,0.0,8.661415632183905E-7,0.0,-0.07533860781609199,4.6036781609195427E-7,3.0795735632183897E-6,0.0,0.0,7.662254252873562E-6,-1.7791774712643672E-5,5.497550344827586E-6,-0.007130118620689657,-3.8895363218390816E-6,0.0,-1.7306917241379317E-8,0.0,0.0,0.0,-2.0052179310344826E-7,-1.3175446436781595E-7,0.0,1.2198114942528727E-6,0.0,-2.0017033793103452E-5,-2.633846000000001E-4,-2.5787704137931024E-4,-6.959759816091957E-4,-0.01006593655172414,-0.009865785057471266,1.352981609195515E-6,6.670411724137931E-6,0.0,0.0,0.0,0.0,6.54958390804597E-7,-2.272687356321824E-5,6.821942298850569E-7,0.0,0.0,1.0021475862068966E-6,6.64922643678161E-5,0.0,-1.1271089655172396E-6,6.764845977011491E-6,0.0,-6.745971264367817E-8,-5.660977011494249E-6,0.0,9.416589425287353E-7,-2.5654560919540232E-5,4.1152747126436747E-7,0.0,0.0,0.0,-1.027270873563218E-4,-5.642409195402295E-8,0.0,0.001496654436781609,0.0,-5.780100643678161E-4,-5.73563885057471E-4,0.0,1.1657325103448278E-4,-8.536236091954024E-5,-0.0038006786206896547,-0.0036762427586206877,3.3147211494252895E-6,0.0,0.0,-2.0782574712643714E-7,4.854629885057476E-8,4.745605747126435E-6,2.6320059770114933E-7,8.71828965517241E-7,0.0,3.0686229885057516E-6,2.582308459770114E-4,0.0,0.0,-0.001713091195402298,-0.0017376494942528732,8.819827356321838E-6,0.0,4.511516551724136E-5,0.0,5.499068275862065E-5,0.0,-1.914412137931035E-4,7.526632183908042E-7,-2.4915694252873558E-5,-4.113016321839084E-5,0.0,0.0,0.0,7.849931034483265E-7,2.8485717241379313E-6,-7.814204137931039E-5,0.0,-1.0547271264367813E-4,0.0,2.329046183908044E-5,0.019634321494252878,0.0,5.466793333333328E-5,0.0,0.0,0.0,1.2889797701149432E-6,0.0,0.0,0.0,0.0,0.0,0.0,0.0,3.5466881839080463E-6,0.0,2.0176112643678158E-6,0.0,9.753291954022987E-6,0.0,0.0,0.0,-5.715593333333332E-7,1.6963217701149423E-6,-5.870284045977013E-5,2.0778983908046037E-5,0.0,5.167239264367815E-7,0.0,-1.2412970114942517E-6,-1.2471464367816096E-6,7.173448275862546E-7,0.0,0.0,0.0,0.0,5.754321839080797E-7,0.0,3.015675103448277E-6,2.767385747126435E-6,0.0,4.427170574712646E-5,1.3687784827586208E-4,0.0,-1.350431034482759E-8,-1.3669367816091963E-8,0.0,-1.1758230574712633E-5,1.707912413793105E-5,0.0,-1.1029662758620695E-5,-0.0025353229885057456,-1.513408091954023E-5,-1.508248781609196E-5,-3.9000705287356316E-4,0.0,0.0,0.0,-8.397314942528781E-4,-7.171160919540233E-4,0.0,8.3286983908046E-6,4.146806206896553E-5,
CHZUSDT,2.7655939770115123E-5,3.77785574712643E-5,-2.9935374712644012E-6,0.051042316045977115,0.052606068068965534,6.067705747126435E-7,-9.138390804598131E-11,4.9036781609194154E-11,1.6305172413793934E-7,0.0,0.0,2.143515172413793E-7,8.661415632183905E-7,0.0,0.0,-0.03669945818390805,3.216139080459768E-7,7.0706816091954E-7,0.0,0.0,5.737494022988507E-7,-9.158845977011487E-7,1.1246366896551728E-6,2.587763448275862E-4,9.530998390804608E-7,0.0,-2.215186206896543E-10,0.0,0.0,0.0,1.8433521379310339E-7,1.3453649885057469E-8,0.0,1.295705057471264E-6,0.0,-2.8737765517241243E-7,1.6918463448275873E-5,1.7943448965517237E-5,6.491551195402306E-5,0.0011447398620689664,0.0011871433333333317,1.0051563218390451E-7,1.160954344827586E-6,0.0,0.0,0.0,0.0,2.511700229885056E-7,3.935734252873567E-5,5.820505977011493E-8,0.0,0.0,4.290969655172414E-7,9.587273563218392E-6,0.0,1.237040551724138E-6,5.623256781609197E-6,0.0,1.3242609195402256E-9,3.431659770114944E-6,0.0,2.293030712643677E-7,-1.35740459770115E-7,1.5872311494252877E-7,0.0,0.0,0.0,-1.7281967126436775E-5,1.910416781609193E-8,0.0,1.1157428045977009E-4,0.0,-1.1724097011494242E-5,-9.92320804597709E-6,0.0,9.919295931034487E-6,1.9053729195402308E-5,1.2669820689655174E-4,1.5984324137931075E-4,1.342158919540229E-6,0.0,0.0,5.595080919540232E-7,5.6735404597701144E-8,1.8876942528735592E-7,7.058531954022988E-8,2.8644572413793103E-7,0.0,5.26948252873563E-6,4.456540505747125E-5,0.0,0.0,-1.1757983908045942E-5,-1.4998091954021287E-6,1.5769600229885052E-6,0.0,3.531911034482744E-6,0.0,2.3215076551724134E-5,0.0,1.0040386206896578E-6,1.8024781609195393E-7,-1.0470602988505754E-5,8.218147356321831E-6,0.0,0.0,0.0,1.3675931034484273E-7,1.1027331724137928E-6,-2.1550585517241417E-5,0.0,1.638047816091955E-5,0.0,3.1875572643678124E-6,0.001981597091954022,0.0,2.7607965287356298E-5,0.0,0.0,0.0,6.275378850574714E-7,0.0,0.0,0.0,0.0,0.0,0.0,0.0,1.8882331954022985E-7,0.0,4.615671494252874E-7,0.0,2.328812183908047E-6,0.0,0.0,0.0,1.218251747126437E-7,3.0450861609195424E-7,1.0990712873563242E-6,-5.2875914942528815E-6,0.0,1.895425245977011E-7,0.0,-7.831374712643682E-8,-7.483777011494271E-8,1.4815172413794365E-7,0.0,0.0,0.0,0.0,1.9232574712644498E-7,0.0,1.973359310344808E-8,7.964614252873561E-7,0.0,1.1112998390804596E-5,2.7129125517241394E-5,0.0,-5.041482758620684E-10,-4.755942528735627E-10,0.0,-1.2026448735632203E-6,5.943018620689655E-6,0.0,1.0202075862069097E-7,1.8448988505747235E-4,9.895580919540242E-7,1.0591846436781609E-6,4.0477360459770145E-5,0.0,0.0,0.0,4.6452659770114904E-4,4.893305747126431E-4,0.0,-1.6360459770113973E-9,2.254355862068967E-6,
CKBUSDT,0.0,0.0,0.0,0.0,0.0,0.0,0.0,0.0,0.0,0.0,0.0,0.0,0.0,0.0,0.0,0.0,0.0,0.0,0.0,0.0,0.0,0.0,0.0,0.0,0.0,0.0,0.0,0.0,0.0,0.0,0.0,0.0,0.0,0.0,0.0,0.0,0.0,0.0,0.0,0.0,0.0,0.0,0.0,0.0,0.0,0.0,0.0,0.0,0.0,0.0,0.0,0.0,0.0,0.0,0.0,0.0,0.0,0.0,0.0,0.0,0.0,0.0,0.0,0.0,0.0,0.0,0.0,0.0,0.0,0.0,0.0,0.0,0.0,0.0,0.0,0.0,0.0,0.0,0.0,0.0,0.0,0.0,0.0,0.0,0.0,0.0,0.0,0.0,0.0,0.0,0.0,0.0,0.0,0.0,0.0,0.0,0.0,0.0,0.0,0.0,0.0,0.0,0.0,0.0,0.0,0.0,0.0,0.0,0.0,0.0,0.0,0.0,0.0,0.0,0.0,0.0,0.0,0.0,0.0,0.0,0.0,0.0,0.0,0.0,0.0,0.0,0.0,0.0,0.0,0.0,0.0,0.0,0.0,0.0,0.0,0.0,0.0,0.0,0.0,0.0,0.0,0.0,0.0,0.0,0.0,0.0,0.0,0.0,0.0,0.0,0.0,0.0,0.0,0.0,0.0,0.0,0.0,0.0,0.0,0.0,0.0,0.0,0.0,0.0,0.0,0.0,0.0,0.0,0.0,0.0,0.0,0.0,0.0,0.0,0.0,0.0,0.0,
COMPUSDT,-54.61595628505748,-55.40561370114942,12.462086721839082,-17802.288742298846,-17731.817807586212,0.05002355747126439,-3.224460114942528E-4,-3.5054463218390825E-4,0.00839344827586016,0.0,0.0,0.0025996717241379324,-0.07533860781609199,-0.03669945818390805,0.0,0.0,-0.04544263333333332,0.07107761609195401,0.0,0.0,-0.0183549004597701,0.08401542298850574,-0.14730968000000003,-256.49775241379297,-0.46445312850574716,0.0,-6.908595103448274E-4,0.0,0.0,0.0,-0.02392444813793104,-0.008099171370114943,0.0,-0.04862368045977013,0.0,-1.0548249186206897,-10.469306937931037,-10.584673503448277,-31.240101749425286,-466.951571724138,-467.4255149425288,-0.21625287126436843,-0.06002599241379311,0.0,0.0,0.0,0.0,-0.013751039770114935,-3.518927057471271,0.004439274873563221,0.0,0.0,-0.03624328137931035,-2.398085298850575,0.0,-0.2040978337931034,-1.5597333011494254,0.0,-0.0027404978390804602,-1.4270548850574711,0.0,0.0025961736091954036,-0.6168003494252874,-0.017209783333333336,0.0,0.0,0.0,5.847138749425287,0.003926049678160921,0.0,21.927484114942526,0.0,16.424647622988502,16.321936333333326,0.0,1.0847778910344825,-5.24476247356322,-138.73207724137924,-139.48480758620684,0.0013708278160919523,0.0,0.0,-0.052518212873563244,-0.00346247547126437,0.03667106666666667,-0.002764949011494253,-0.00261494068965518,0.0,-0.7232219816091952,-4.558670232183908,0.0,0.0,-44.86484577011495,-45.748432850574716,-0.19505291218390805,0.0,5.965302772413795,0.0,0.12104632413793132,0.0,-6.119771641379308,0.011817488505747127,4.930512273563219,0.9191881425287355,0.0,0.0,0.0,0.009653841379307216,-0.08237188827586207,25.94781856551724,0.0,-5.110678252873564,0.0,1.8807061085057475,305.5095205747126,0.0,3.512335777011495,0.0,0.0,0.0,-0.07655555149425287,0.0,0.0,0.0,0.0,0.0,0.0,0.0,0.021465659954022987,0.0,-0.040394599540229885,0.0,-0.5813612160919538,0.0,0.0,0.0,-0.06880694052873564,-0.022821035839080465,-0.96365134091954,3.439655491954023,0.0,-0.013131595519540228,0.0,-0.023473193333333336,-0.02325428528735633,0.007831206896550936,0.0,0.0,0.0,0.0,0.003652940229882591,0.0,0.023265190827586203,-0.03364896229885056,0.0,-1.0091083540229888,-2.300665110344828,0.0,-4.116590689655172E-4,-4.132876666666665E-4,0.0,-0.09053346183908038,-1.5149723862068971,0.0,-0.3702370055172415,-105.79590114942539,-0.7656821783908048,-0.7643196335632184,-15.591177112643678,0.0,0.0,0.0,19.39064459770118,14.848716091954088,0.0,-0.18516688183908048,-0.1590510896551722,
COSUSDT,2.4253036781609184E-4,2.484671149425285E-4,-4.134247701149425E-5,0.10029107643678156,0.09953255344827587,-9.44850574712644E-8,2.901304597701151E-9,3.1281494252873576E-9,-8.691379310344296E-8,0.0,0.0,6.279310344827586E-8,4.6036781609195427E-7,3.216139080459768E-7,0.0,-0.04544263333333332,0.0,-1.1235402298850585E-7,0.0,0.0,1.671373563218392E-7,6.683908045977067E-8,1.0341000000000004E-6,0.0011758586206896539,2.129481609195402E-6,0.0,4.275137931034482E-9,0.0,0.0,0.0,1.5570620689655172E-7,3.7724942528735605E-8,0.0,7.642873563218387E-7,0.0,4.478036206896552E-6,5.241446551724138E-5,5.34458448275862E-5,1.491616149425287E-4,0.0025939586206896546,0.0025790701149425287,1.248764367816095E-6,7.183068965517239E-7,0.0,0.0,0.0,0.0,1.3530632183908035E-7,2.848574712643682E-5,-3.1135632183907938E-9,0.0,0.0,2.8621724137931033E-7,1.2563971264367817E-5,0.0,1.1592224137931031E-6,7.4461839080459766E-6,0.0,1.1689321839080459E-8,6.645712643678162E-6,0.0,5.736321839080457E-8,3.035545977011493E-6,1.6134057471264374E-7,0.0,0.0,0.0,-1.5081252873563211E-5,-9.037988505747136E-9,0.0,-5.3988908045976965E-5,0.0,-5.3199419540229905E-5,-5.2871143678160944E-5,0.0,-1.8589758620689612E-6,2.8626821839080462E-5,6.279758620689653E-4,6.322637931034484E-4,5.376683908045976E-7,0.0,0.0,2.970373563218391E-7,3.7305229885057466E-8,6.25764367816094E-8,3.278045977011494E-8,1.3868275862068972E-7,0.0,6.1888678160919525E-6,3.690825287356322E-5,0.0,0.0,1.8384942528735628E-4,1.8719091954022988E-4,1.09793908045977E-6,0.0,-2.0861775862068964E-5,0.0,3.943155172413791E-6,0.0,2.7143327586206876E-5,2.4580459770114894E-8,-2.1165218390804594E-5,-1.212735632183913E-6,0.0,0.0,0.0,-9.646551724136792E-8,6.495051724137928E-7,-1.1136822413793103E-4,0.0,2.674994252873563E-5,0.0,-6.8118540229885055E-6,-7.041186781609188E-4,0.0,-1.7634080459770199E-6,0.0,0.0,0.0,5.127718390804599E-7,0.0,0.0,0.0,0.0,0.0,0.0,0.0,-1.024124712643677E-7,0.0,3.4103678160919553E-7,0.0,2.7867471264367823E-6,0.0,0.0,0.0,3.733466666666666E-7,1.5955787356321846E-7,4.1291333333333325E-6,-1.0302178160919537E-5,0.0,1.2762343678160913E-7,0.0,1.8255229885057474E-7,1.8177528735632178E-7,-7.468965517241011E-8,0.0,0.0,0.0,0.0,-5.917816091953106E-8,0.0,-7.132034482758614E-8,3.8433333333333316E-7,0.0,6.535333333333333E-6,1.9772500000000008E-5,0.0,1.6555862068965512E-9,1.6843563218390803E-9,0.0,3.2433218390804475E-7,9.368120689655173E-6,0.0,1.646205172413793E-6,5.97009770114943E-4,3.540861494252875E-6,3.5615114942528716E-6,7.21728850574712E-5,0.0,0.0,0.0,6.85074712643676E-5,1.3065977011494202E-4,0.0,8.415442528735634E-7,1.4096896551724132E-6,
