 ,BNBUSDC,BNBUSDT,BNTUSDT,BTCUSDC,BTCUSDT,BTSUSDT,BTTUSDC,BTTUSDT,BUSDUSDT,BZRXUSDT,CELOUSDT,CELRUSDT,CHRUSDT,CHZUSDT,CKBUSDT,COMPUSDT,COSUSDT,COTIUSDT,CRVUSDT,CTKUSDT,CTSIUSDT,CTXCUSDT,CVCUSDT,DASHUSDT,DATAUSDT,DCRUSDT,DENTUSDT,DGBUSDT,DIAUSDT,DNTUSDT,DOCKUSDT,DOGEUSDT,DOTUSDT,DUSKUSDT,EGLDUSDT,ENJUSDT,EOSUSDC,EOSUSDT,ETCUSDT,ETHUSDC,ETHUSDT,EURUSDT,FETUSDT,FILUSDT,FIOUSDT,FIROUSDT,FLMUSDT,FTMUSDT,FTTUSDT,FUNUSDT,GBPUSDT,GRTUSDT,GTOUSDT,GXSUSDT,HARDUSDT,HBARUSDT,HIVEUSDT,HNTUSDT,HOTUSDT,ICXUSDT,INJUSDT,IOSTUSDT,IOTAUSDT,IOTXUSDT,IRISUSDT,JSTUSDT,JUVUSDT,KAVAUSDT,KEYUSDT,KMDUSDT,KNCUSDT,KSMUSDT,LINKUSDC,LINKUSDT,LITUSDT,LRCUSDT,LSKUSDT,LTCUSDC,LTCUSDT,LTOUSDT,LUNAUSDT,MANAUSDT,MATICUSDT,MBLUSDT,MDTUSDT,MFTUSDT,MITHUSDT,MKRUSDT,MTLUSDT,NANOUSDT,NBSUSDT,NEARUSDT,NEOUSDC,NEOUSDT,NKNUSDT,NMRUSDT,NULSUSDT,OCEANUSDT,OGNUSDT,OGUSDT,OMGUSDT,ONEUSDT,ONGUSDT,ONTUSDT,ORNUSDT,OXTUSDT,PAXGUSDT,PAXUSDT,PERLUSDT,PNTUSDT,PSGUSDT,QTUMUSDT,REEFUSDT,RENUSDT,REPUSDT,RIFUSDT,RLCUSDT,ROSEUSDT,RSRUSDT,RUNEUSDT,RVNUSDT,SANDUSDT,SCUSDT,SFPUSDT,SKLUSDT,SNXUSDT,SOLUSDT,SRMUSDT,STMXUSDT,STORJUSDT,STPTUSDT,STRAXUSDT,STXUSDT,SUSDUSDT,SUSHIUSDT,SXPUSDT,TCTUSDT,TFUELUSDT,THETAUSDT,TOMOUSDT,TRBUSDT,TROYUSDT,TRUUSDT,TRXUSDC,TRXUSDT,TUSDUSDT,TWTUSDT,UMAUSDT,UNFIUSDT,UNIUSDT,USDCUSDT,UTKUSDT,VETUSDT,VITEUSDT,VTHOUSDT,WANUSDT,WAVESUSDT,WINGUSDT,WINUSDC,WINUSDT,WNXMUSDT,WRXUSDT,WTCUSDT,XEMUSDT,XLMUSDT,XMRUSDT,XRPUSDC,XRPUSDT,XTZUSDT,XVSUSDT,YFIIUSDT,YFIUSDT,ZECUSDC,ZECUSDT,ZENUSDT,ZILUSDT,ZRXUSDT,
BNBUSDC,0.0,0.3504954356321839,-0.009258643103448375,94.51842747126432,93.89764708045979,-2.625002298850613E-5,4.6892397701149415E-6,4.758072528735635E-6,-1.1982413793103532E-4,0.0,0.0,3.110948275862066E-5,0.0012143356781609206,1.389135057471265E-4,0.0,-31.20502137931036,1.8255936781609206E-4,1.5790499999999974E-4,0.0,0.0,8.688364942528739E-4,6.378435632183904E-4,7.532329885057477E-4,1.364829390804598,0.001915278689655173,0.0,2.890580689655172E-6,0.0,0.0,0.0,2.126005149425288E-4,1.947055109195403E-4,0.0,3.208698850574706E-4,0.0,0.005129174160919543,0.05682403149425289,0.057827370000000024,0.182061439770115,3.679912379310346,3.667334862068966,0.0021079254022988584,8.07573827586207E-4,0.0,0.0,0.0,0.0,1.2393187356321794E-4,0.02511430574712647,5.3893189655172366E-5,0.0,0.0,1.9222452873563222E-4,0.014053750459770123,0.0,7.978686091954028E-4,0.006283336436781614,0.0,1.9645649770114957E-5,0.011722616551724137,0.0,9.09999793103447E-5,0.004662511264367819,8.030365747126433E-5,0.0,0.0,0.0,-0.008102202643678199,-8.805567816091986E-6,0.0,-0.054762728735632246,0.0,0.07826787574712635,0.0791307847126436,0.0,-0.0014797205057471292,0.024050908160919558,0.7991702873563218,0.7988417471264373,0.0014008043563218386,0.0,0.0,3.377505977011493E-4,1.4991019540229875E-5,5.85674137931034E-5,1.4822163218390804E-5,3.248737931034487E-5,0.0,0.0047051809195402285,0.03293285689655174,0.0,0.0,0.24878977816091968,0.2504083379310347,8.034402758620691E-4,0.0,-0.017187001494252896,0.0,0.0018888535632183893,0.0,0.033338750574712646,4.018119540229874E-5,-0.016143624942528752,0.004017823908045965,0.0,0.0,0.0,-9.990183908045215E-5,4.4912851724137926E-4,-0.06900431701149434,0.0,0.04973884712643681,0.0,-0.003679110689655184,-0.6582789551724142,0.0,0.007468269655172382,0.0,0.0,0.0,3.969632758620693E-4,0.0,3.3329877586206887E-4,0.0,0.0,0.07076392183908059,0.0,0.0,-2.170648275862064E-5,0.0,3.3565635632183926E-4,0.0,0.003748084597701154,0.0,0.0,0.0,2.788212390804599E-4,1.7074080919540232E-4,0.005849848252873562,0.004453121724137908,0.0,4.21474172413793E-5,0.0,2.3073228735632186E-4,2.3033826436781617E-4,-8.850931034482849E-5,0.0,0.0,0.0,0.0,-9.030885057471098E-5,0.0,7.171172954022985E-4,2.1280648275862063E-4,0.0,0.005784291954022991,0.019045777931034492,0.0,1.5046924137931041E-6,1.5095645977011497E-6,0.0,4.376569080459766E-4,0.013113514137931038,0.0,0.0027324247356321856,0.7361997701149432,0.004624930206896554,0.004660449701149428,0.07407803482758624,0.0,0.0,0.0,0.6464428390804594,0.6845938505747121,0.6611928218390803,0.0012912914252873578,0.008547082183908043,
BNBUSDT,0.3504954356321839,0.0,-0.009890316896551624,95.0368798114941,94.51622447816084,-2.1660611494252867E-5,4.704874988505747E-6,4.77735229885058E-6,-1.1061282758620736E-4,0.0,0.0,3.2438944827586256E-5,0.0012323373839080456,1.4912587908045953E-4,0.0,-32.2224020965517,1.8880885287356317E-4,1.6808542068965594E-4,0.0,0.0,8.800451195402301E-4,6.283925747126438E-4,7.661380252873558E-4,1.380297574712643,0.0019470587586206882,0.0,2.913111172413793E-6,0.0,0.0,0.0,2.1738489195402316E-4,1.972513043218392E-4,0.0,3.3929183908045987E-4,0.0,0.00515265237011494,0.057561041954022965,0.05861575558620688,0.18494931471264361,3.7009682275862064,3.6902713379310326,0.0020658827356321917,8.327911931034484E-4,0.0,0.0,0.0,0.0,1.2708484367816153E-4,0.025345421839080468,5.4219951724137844E-5,0.0,0.0,1.9898505057471254E-4,0.014184849540229874,0.0,8.208961356321833E-4,0.00641229314942528,0.0,1.9840698505747122E-5,0.011872208000000002,0.0,9.175354827586204E-5,0.004681042045977013,8.299091770114945E-5,0.0,0.0,0.0,-0.008799715632183878,-8.637785287356311E-6,0.0,-0.05537144091954013,0.0,0.07836376273563239,0.07925453990804619,0.0,-0.0014838665287356335,0.02455000983908044,0.805948485057471,0.8063709839080457,0.0014215746229885066,0.0,0.0,3.4769617471264364E-4,1.571575494252875E-5,5.77919448275862E-5,1.5382711264367783E-5,3.7042165517241435E-5,0.0,0.0047940432183908,0.033726254137931,0.0,0.0,0.2504712694252873,0.25228593034482755,8.378098137931026E-4,0.0,-0.017600969954022962,0.0,0.002099230988505748,0.0,0.03341220852873562,4.236028735632195E-5,-0.016589627540229867,0.003993768436781602,0.0,0.0,0.0,-9.09920919540152E-5,4.6862171034482724E-4,-0.07143001388505739,0.0,0.05024808873563219,0.0,-0.0037713180689655105,-0.6602778710344819,0.0,0.00774697772413796,0.0,0.0,0.0,4.099404E-4,0.0,3.358583889655174E-4,0.0,0.0,0.07188652229885067,0.0,0.0,-1.9355027586206875E-5,0.0,3.3676192643678133E-4,0.0,0.0038020662298850535,0.0,0.0,0.0,2.8450895885057456E-4,1.714849494252871E-4,0.005881237540229882,0.004278948275862091,0.0,4.4870689517241374E-5,0.0,2.2901016781609197E-4,2.2881390804597705E-4,-7.847303448275936E-5,0.0,0.0,0.0,0.0,-8.003714942528568E-5,0.0,7.191410190804603E-4,2.2496324137931007E-4,0.0,0.005935969218390799,0.019547999862068944,0.0,1.5127091034482744E-6,1.518020160919538E-6,0.0,4.1786754712643914E-4,0.013301283931034481,0.0,0.0027626936160919545,0.7425150643678162,0.004681398055172411,0.0047186449678160896,0.07533774020689653,0.0,0.0,0.0,0.6469033333333334,0.6858925149425289,0.6656185429885062,0.0013016996505747123,0.008541879264367822,
BNTUSDT,-0.009258643103448375,-0.009890316896551624,0.0,-19.588910293103446,-20.480941224137943,1.0704251724137931E-4,4.143352931034484E-6,4.125598793103447E-6,-7.970844827586307E-5,0.0,0.0,4.9166551724137917E-5,-2.6465748275862085E-4,-8.893028793103451E-5,0.0,18.926222793103452,-3.931512068965521E-5,3.448436724137932E-4,0.0,0.0,1.540582241379308E-4,5.411472413793103E-4,-3.3514122413793104E-4,-0.2841179999999998,-7.526213620689654E-4,0.0,4.0726586206896573E-7,0.0,0.0,0.0,1.2407171896551723E-4,7.529805706896553E-5,0.0,7.964120689655174E-5,0.0,-1.6286498275862E-4,-0.0018375487931034452,-0.0017090532758620726,-0.02181376844827586,0.4277262931034479,0.4027817586206888,4.211884482758598E-4,2.741505E-4,0.0,0.0,0.0,0.0,5.281745E-4,0.001859839655172416,4.755794827586198E-6,0.0,0.0,-2.8625741379310364E-5,-0.004805906896551728,0.0,-2.2537094827586207E-4,-0.003660692586206896,0.0,1.634692068965515E-6,0.004407039310344828,0.0,5.7727096551724127E-5,0.002246878275862069,6.917340862068966E-5,0.0,0.0,0.0,0.03180746741379309,6.423505172413785E-6,0.0,0.07327743965517243,0.0,0.15216687258620687,0.15249260362068967,0.0,0.0022617551379310345,-0.006503751034482761,-0.08020260344827582,-0.08036043103448273,7.368970862068963E-4,0.0,0.0,-5.7684051724137924E-5,7.952889655172412E-6,3.309765517241379E-5,-8.642448275862066E-6,2.2008189655172413E-5,0.0,-7.593524137931034E-4,-0.014162762931034484,0.0,0.0,-0.023830286206896527,-0.021974960344827564,-7.32183896551724E-4,0.0,0.024348949655172418,0.0,0.0015221029310344822,0.0,9.670001724137951E-4,1.3322779310344826E-4,0.007649013965517242,0.004551242413793104,0.0,0.0,0.0,-7.111344827586191E-5,-1.6123286206896567E-4,0.07620784862068966,0.0,0.01367441206896552,0.0,0.007311574637931034,0.6103938689655173,0.0,0.029309051379310346,0.0,0.0,0.0,-1.638710172413794E-4,0.0,2.2533213275862066E-4,0.0,0.0,0.044956682758620685,0.0,0.0,-1.4916055172413797E-5,0.0,-3.76437931034486E-6,0.0,-0.001116897758620689,0.0,0.0,0.0,-1.071798224137931E-4,-7.144563793103449E-5,7.096279137931042E-4,0.020141594827586203,0.0,-8.677161551724128E-6,0.0,1.417999310344827E-4,1.4038418965517242E-4,-7.036913793103693E-5,0.0,0.0,0.0,0.0,-8.769862068965225E-5,0.0,6.924575051724137E-4,-1.2019663793103455E-4,0.0,-0.0016858279310344839,-0.005357153448275856,0.0,-4.6928551724137917E-7,-4.624136206896551E-7,0.0,0.0014916844482758622,7.978670689655166E-4,0.0,4.1680353448275855E-4,-0.02010327586206917,-3.1727144827586174E-4,-3.028860172413794E-4,-0.020885689310344818,0.0,0.0,0.0,0.28974944827586213,0.2943467758620688,0.4680797017241379,-3.872420172413795E-4,0.006402899137931035,
BTCUSDC,94.51842747126432,95.0368798114941,-19.588910293103446,0.0,39416.725091839064,0.010601350804597842,1.5713572528735438E-4,1.820111321839076E-4,-0.03148101034482802,0.0,0.0,-0.0010309289655172388,0.3863981822988501,0.09557024467816101,0.0,-14699.68084206896,0.07746862333333336,-0.04998307137931022,0.0,0.0,0.13042928977011473,0.04922201839080468,0.3301837336781607,476.34063218390753,0.7410295431034477,0.0,8.583801586206886E-4,0.0,0.0,0.0,0.020028164770114924,0.017304129343678122,0.0,0.14057569540229917,0.0,1.569929961264366,16.471456270114935,16.737993217241367,53.55734561494249,1094.7487927586199,1092.0741006896549,0.6943350540229904,0.1605915893103447,0.0,0.0,0.0,0.0,-0.09790428264367816,9.317157988505752,0.013863172586206859,0.0,0.0,0.07404679666666666,5.314075735632179,0.0,0.3270893088505748,2.7904937367816074,0.0,0.003828199287356314,1.7654723724137904,0.0,0.021126581724137918,0.8602609678160912,0.014219561505747113,0.0,0.0,0.0,-10.619119454022986,-0.002242463367816087,0.0,-32.69561401149426,0.0,-18.800886256321817,-18.573075766666648,0.0,-1.1431255850574733,9.438732636781609,244.66579459770097,245.99415505747106,0.2329776911494255,0.0,0.0,0.13853185666666668,0.0070377758850574835,0.0033141365517240793,0.00756627714942528,0.017752888620689685,0.0,1.798375333333333,13.58044698275861,0.0,0.0,79.79562788505743,80.62015817241372,0.4161501531034482,0.0,-9.008582349425277,0.0,0.6425477804597745,0.0,10.316146819540212,-0.017848721839080442,-5.997095366666664,0.8024409839080446,0.0,0.0,0.0,-0.029433032183905146,0.21086952896551728,-29.18104499080456,0.0,9.873447160919534,0.0,-2.381448053448275,-329.2190994482761,0.0,-5.775357151724131,0.0,0.0,0.0,0.17738866172413797,0.0,0.00400732368965511,0.0,0.0,-7.754879126436816,0.0,0.0,-0.016962767241379306,0.0,0.10151265563218376,0.0,1.3114507045976997,0.0,0.0,0.0,0.10475127566666656,0.06113783436781587,1.6309923580459733,-4.717530482758618,0.0,0.019743390203448282,0.0,0.03295236942528729,0.03289966609195393,-0.028768162068964567,0.0,0.0,0.0,0.0,-0.021370009195402485,0.0,-0.051855942080459946,0.11072723965517238,0.0,2.3805360091954006,7.74647694482758,0.0,5.247213999999995E-4,5.294510356321831E-4,0.0,-0.2672866891954022,3.2791300724137917,0.0,0.5461765642528731,249.38802804597685,1.2640505151724126,1.272110763563217,27.984928772413774,0.0,0.0,0.0,158.4562563218389,168.7099260919538,2.7420772528734476,0.4247600849425282,0.6072271942528702,
BTCUSDT,93.89764708045979,94.51622447816084,-20.480941224137943,39416.725091839064,0.0,0.012747224367815987,7.218235747126546E-5,9.784910919540497E-5,-0.027949562068966066,0.0,0.0,-0.0016191117241378724,0.3858117845977011,0.09798846870114943,0.0,-14882.246224827592,0.07782103942528738,-0.051685361034482756,0.0,0.0,0.12788388057471267,0.047266650574711924,0.33243912908045986,477.9709022988502,0.7454370465517244,0.0,8.349574689655179E-4,0.0,0.0,0.0,0.01822372936781613,0.016126906090804586,0.0,0.14135182183908052,0.0,1.5459129566666665,16.41143352298851,16.678478355172416,53.67912614367816,1082.5368410344822,1080.771555862069,0.6760923183908077,0.1563381100000002,0.0,0.0,0.0,0.0,-0.10523238494252865,9.289597183908054,0.013848278448275837,0.0,0.0,0.07489551160919546,5.312437402298853,0.0,0.32933609735632186,2.828955035632185,0.0,0.0037225076436781645,1.683518268965517,0.0,0.020561404482758606,0.8114214045977005,0.013211019666666681,0.0,0.0,0.0,-11.025847683908049,-0.00212725049425288,0.0,-33.61351447126435,0.0,-20.4302150264368,-20.187246709195424,0.0,-1.1666238494252872,9.479449004597704,243.98457505747135,245.4336539080461,0.22402312333333313,0.0,0.0,0.14065181643678168,0.006932421977011502,0.0030609951724137573,0.007662448643678173,0.017957967931034526,0.0,1.7951402183908036,13.762777258620684,0.0,0.0,79.47746914942526,80.2987102413793,0.42714634275862073,0.0,-9.218129222988507,0.0,0.6673854126436766,0.0,10.188882497701147,-0.019437405747126386,-6.041534447126441,0.7797904436781554,0.0,0.0,0.0,-0.026110733333330666,0.21445201172413808,-29.788870588505763,0.0,9.577552563218392,0.0,-2.4374588603448295,-332.5066049655171,0.0,-6.027570944827596,0.0,0.0,0.0,0.1797889410344828,0.0,0.00168088196551726,0.0,0.0,-8.732057977011458,0.0,0.0,-0.016207989655172422,0.0,0.10058328091954033,0.0,1.3130323712643677,0.0,0.0,0.0,0.1053012833678161,0.061521929080459836,1.6214653867816067,-4.938660827586212,0.0,0.01979566575517244,0.0,0.029762177471264393,0.029762389080459792,-0.025271955172412992,0.0,0.0,0.0,0.0,-0.01776417011494298,0.0,-0.061874237712643804,0.11389165344827583,0.0,2.401372894252876,7.807210565517238,0.0,5.239671931034482E-4,5.285706678160918E-4,0.0,-0.2980962328735631,3.2473288310344817,0.0,0.5324722102298852,246.83709126436804,1.2581514737931034,1.2663971336781614,28.225385703448264,0.0,0.0,0.0,156.70545402298825,166.86708701149402,-1.814746425287269,0.4244659412643678,0.4885212057471255,
BTSUSDT,-2.625002298850613E-5,-2.1660611494252867E-5,1.0704251724137931E-4,0.010601350804597842,0.012747224367815987,0.0,4.186285057471263E-9,4.366505747126438E-9,1.7457241379309214E-7,0.0,0.0,1.3353034482758632E-7,-1.856331264367817E-6,6.024967356321835E-7,0.0,0.03315800137931036,8.81425287356319E-9,1.6615255172413792E-6,0.0,0.0,5.204043678160917E-7,3.2618367816091973E-6,-1.3754436781609116E-7,2.1562643678161095E-4,-1.3309655172413792E-6,0.0,-2.0656965517241357E-9,0.0,0.0,0.0,2.7716436781609193E-7,1.9262640459770113E-7,0.0,1.5632873563218378E-6,0.0,-4.822837471264369E-6,7.721505747126423E-6,8.12959999999993E-6,5.35515402298851E-5,0.0021107834482758598,0.002153153793103442,2.1667356321836277E-7,8.065351724137933E-7,0.0,0.0,0.0,0.0,6.049402298850622E-8,4.995114942528735E-5,6.612655172413794E-8,0.0,0.0,2.8971816091954037E-7,-1.108525287356323E-5,0.0,2.5222942528735625E-7,-3.94155402298851E-6,0.0,6.501264367816078E-9,-2.4684827586206673E-7,0.0,3.5886965517241356E-7,2.5688045977011413E-7,2.83206666666668E-8,0.0,0.0,0.0,3.1289022988505764E-5,9.660650574712641E-8,0.0,1.0884825287356319E-4,0.0,3.769318459770115E-4,3.762403494252872E-4,0.0,6.024050574712642E-6,5.300266666666643E-6,-7.190804597702485E-7,1.6812873563218477E-5,3.87496712643678E-6,0.0,0.0,8.929188505747127E-7,4.784501149425288E-8,2.2146137931034459E-7,3.440926436781608E-8,2.8911931034482777E-7,0.0,2.257045977011489E-6,1.2774758620689625E-5,0.0,0.0,-2.563795402298871E-5,-6.135310344827643E-6,-1.4190620689655227E-7,0.0,5.0853687356321846E-5,0.0,2.7986829885057483E-5,0.0,-4.0127126436781694E-7,3.275528735632184E-7,2.7008549425287374E-5,3.60090436781609E-5,0.0,0.0,0.0,1.7267356321837394E-7,8.834213793103442E-7,2.714596252873564E-4,0.0,4.276935632183907E-5,0.0,2.2950851724137923E-5,0.0026008313103448276,0.0,8.297130344827587E-5,0.0,0.0,0.0,2.708868965517244E-7,0.0,3.362877931034482E-7,0.0,0.0,1.4705250574712652E-4,0.0,0.0,1.855931034482748E-8,0.0,2.5618988505747126E-7,0.0,-9.6812183908046E-7,0.0,0.0,0.0,-2.7293156321839104E-7,6.53687356321839E-8,6.173943678160919E-6,2.5073068965517245E-5,0.0,4.522514482758625E-8,0.0,1.3165747126436478E-8,1.9783908045976754E-8,1.7701379310344667E-7,0.0,0.0,0.0,0.0,2.1137471264365971E-7,0.0,5.263819770114937E-7,6.885413793103446E-7,0.0,5.967418390804592E-6,8.825351724137956E-6,0.0,-1.8387655172413787E-9,-1.7998873563218398E-9,0.0,-1.6723204597701165E-6,4.4610965517241296E-6,0.0,6.740967816091949E-7,1.776450574712645E-4,3.146006896551661E-7,4.725222988505759E-7,2.6191937931034472E-5,0.0,0.0,0.0,0.002197636781609196,0.002206322528735632,6.321276781609195E-4,-1.8713170114942534E-6,4.027829885057477E-6,
BTTUSDC,4.6892397701149415E-6,4.704874988505747E-6,4.143352931034484E-6,1.5713572528735438E-4,7.218235747126546E-5,4.186285057471263E-9,0.0,4.476941954022988E-10,-7.432999999999965E-9,0.0,0.0,4.361427586206896E-9,2.599556321839071E-9,-2.8052295402298907E-9,0.0,6.065283517241382E-4,5.729390804597697E-10,2.107571379310345E-8,0.0,0.0,2.4257516091954005E-8,3.533395402298851E-8,-7.4298195402298924E-9,1.7953678160919475E-6,-1.6385982758620713E-8,0.0,7.71908275862069E-11,0.0,0.0,0.0,1.4377538505747125E-8,8.616548632183909E-9,0.0,9.037873563218389E-9,0.0,7.56731459770115E-8,8.053835057471265E-7,8.264943793103444E-7,1.6717766091954005E-6,7.668686551724138E-5,7.463378620689648E-5,5.128635632183918E-8,3.511938275862068E-8,0.0,0.0,0.0,0.0,3.3932102298850577E-8,5.279304597701145E-7,7.699672413793085E-10,0.0,0.0,1.3963781609195396E-9,-8.443908045977337E-9,0.0,2.115666666666638E-10,-1.3558460919540229E-7,0.0,7.598702298850571E-10,4.6145075862068964E-7,0.0,4.273220689655171E-9,2.2840825287356332E-7,5.635933218390806E-9,0.0,0.0,0.0,1.6589210919540224E-6,-4.648356321839145E-11,0.0,4.047533218390806E-6,0.0,1.0132787045977011E-5,1.0080451804597702E-5,0.0,1.3074516091954026E-7,2.956845977011457E-8,7.993847126436786E-6,7.830449425287351E-6,7.074367471264364E-8,0.0,0.0,-1.1756701149425355E-9,7.796170114942529E-10,2.136634482758621E-9,-8.620597701149462E-11,2.8079758620689663E-9,0.0,6.01687356321839E-8,-2.994774137931038E-7,0.0,0.0,2.1602590804597704E-6,2.295376896551725E-6,-3.350504827586207E-8,0.0,1.0439528045977014E-6,0.0,1.9999081609195387E-7,0.0,5.185055977011491E-7,9.589045977011493E-9,1.5243194252873575E-7,2.9151257471264356E-7,0.0,0.0,0.0,-6.4582988505745646E-9,-2.5780827586207013E-9,2.704407839080461E-6,0.0,1.9398283908045973E-6,0.0,3.2225208620689655E-7,2.7855808275862077E-5,0.0,1.9442015172413797E-6,0.0,0.0,0.0,-3.111065517241383E-9,0.0,1.8755801034482756E-8,0.0,0.0,8.388584367816091E-6,0.0,0.0,-1.0518655172413792E-9,0.0,7.105478160919536E-9,0.0,1.5581229885057447E-8,0.0,0.0,0.0,-1.5042980459770146E-9,-1.9643643678160933E-9,8.74934540229885E-8,1.1889358620689657E-6,0.0,7.488731379310345E-10,0.0,1.4301926436781608E-8,1.4269408045977011E-8,-6.531137931034616E-9,0.0,0.0,0.0,0.0,-7.509218390804369E-9,0.0,5.4408800114942527E-8,-5.316706896551729E-9,0.0,-2.5504367816092702E-9,-1.1505999999999843E-8,0.0,-2.291586206896555E-12,-1.9938045977011807E-12,0.0,1.0412606436781611E-7,2.7262789655172403E-7,0.0,9.028746091954023E-8,1.4256857471264364E-5,7.037398620689653E-8,7.102505402298846E-8,-2.89800482758621E-7,0.0,0.0,0.0,2.2058436781609194E-5,2.298656666666665E-5,3.857862747126437E-5,-4.152332183908048E-9,5.287866781609196E-7,
BTTUSDT,4.758072528735635E-6,4.77735229885058E-6,4.125598793103447E-6,1.820111321839076E-4,9.784910919540497E-5,4.366505747126438E-9,4.476941954022988E-10,0.0,-7.360862068965469E-9,0.0,0.0,4.385482758620688E-9,2.8271839080459885E-9,-2.616379885057471E-9,0.0,5.934264137931031E-4,6.787183908046E-10,2.114970689655172E-8,0.0,0.0,2.4237074712643667E-8,3.558229885057471E-8,-6.993695402298843E-9,2.240436781609211E-6,-1.5618362068965503E-8,0.0,7.660000000000001E-11,0.0,0.0,0.0,1.4511786781609194E-8,8.658805459770116E-9,0.0,9.201321839080463E-9,0.0,7.632499425287361E-8,8.234014367816101E-7,8.448443103448278E-7,1.7295586781609205E-6,7.735698275862075E-5,7.532775862068962E-5,5.140132183908056E-8,3.545739655172414E-8,0.0,0.0,0.0,0.0,3.3985178160919525E-8,5.409063218390803E-7,8.069637931034472E-10,0.0,0.0,1.548212643678163E-9,-4.5787356321840095E-9,0.0,6.916494252873644E-10,-1.3278488505747115E-7,0.0,7.637881609195401E-10,4.6439620689655166E-7,0.0,4.348158620689653E-9,2.2866459770114953E-7,5.6916752873563215E-9,0.0,0.0,0.0,1.648494540229884E-6,-3.966839080459827E-11,0.0,4.0183752873563215E-6,0.0,1.0133392701149425E-5,1.0081795459770114E-5,0.0,1.3086191954022988E-7,3.7226321839080504E-8,8.201695402298867E-6,8.048270114942537E-6,7.119817816091952E-8,0.0,0.0,-9.103735632183903E-10,7.93887356321839E-10,2.155000000000001E-9,-7.295977011494265E-11,2.8844655172413795E-9,0.0,6.170908045977017E-8,-2.8001258620689615E-7,0.0,0.0,2.211070114942532E-6,2.350650000000004E-6,-3.2949413793103434E-8,0.0,1.0371221839080455E-6,0.0,2.0370419540229872E-7,0.0,5.259599425287355E-7,9.591287356321836E-9,1.459478735632183E-7,2.9546091954022986E-7,0.0,0.0,0.0,-6.397126436781458E-9,-2.2701379310344843E-9,2.6716225287356307E-6,0.0,1.9535649425287352E-6,0.0,3.21982120689655E-7,2.779332068965518E-5,0.0,1.953176206896552E-6,0.0,0.0,0.0,-2.837672413793098E-9,0.0,1.881543275862069E-8,0.0,0.0,8.400816091954024E-6,0.0,0.0,-1.049799999999999E-9,0.0,7.277609195402299E-9,0.0,1.626109195402305E-8,0.0,0.0,0.0,-1.4135856321839064E-9,-1.9241678160919494E-9,8.88347988505748E-8,1.1885175862068967E-6,0.0,7.672012068965527E-10,0.0,1.4277333333333334E-8,1.424437356321839E-8,-6.453620689655292E-9,0.0,0.0,0.0,0.0,-7.424942528735402E-9,0.0,5.461277183908045E-8,-5.1126724137931025E-9,0.0,6.3218390804845854E-12,-1.8006896551718159E-9,0.0,-1.9468965517241212E-12,-1.6116666666666788E-12,0.0,1.0314629885057471E-7,2.7706086206896555E-7,0.0,9.077104022988508E-8,1.4336298850574717E-5,7.178137931034486E-8,7.247466091954025E-8,-2.6267413793103324E-7,0.0,0.0,0.0,2.2338057471264376E-5,2.3269821839080456E-5,3.8694504022988506E-5,-3.774787356321822E-9,5.311231609195402E-7,
BUSDUSDT,-1.1982413793103532E-4,-1.1061282758620736E-4,-7.970844827586307E-5,-0.03148101034482802,-0.027949562068966066,1.7457241379309214E-7,-7.432999999999965E-9,-7.360862068965469E-9,0.0,0.0,0.0,-4.515862068965193E-8,-2.4586896551720485E-7,2.1627620689655966E-7,0.0,-0.01587920000000162,9.03103448276072E-9,-9.880344827587615E-8,0.0,0.0,-2.03748275862093E-7,-9.380000000001132E-7,7.554827586208431E-8,-1.1686206896553061E-4,1.4391379310344995E-7,0.0,-2.5643448275862246E-9,0.0,0.0,0.0,-1.493810344827551E-7,-1.0423906896551427E-7,0.0,1.0362068965515694E-7,0.0,-2.8079344827586164E-6,-1.4518793103448357E-5,-1.4505275862069085E-5,-7.466379310345274E-6,-0.0019517896551724497,-0.001860868965517275,-2.3206551724138337E-6,-3.8682413793101234E-7,0.0,0.0,0.0,0.0,-6.222655172413671E-7,-8.570689655171888E-6,-2.4077586206900386E-8,0.0,0.0,5.807931034483105E-8,-2.235862068965335E-6,0.0,1.353827586207101E-7,2.7245862068965677E-6,0.0,-7.915172413793083E-9,-8.24372413793089E-6,0.0,-5.5010344827589105E-8,-5.1515172413792996E-6,-9.50299999999953E-8,0.0,0.0,0.0,-3.318534482758715E-5,1.4889999999998542E-8,0.0,-6.201965517241487E-5,0.0,-1.5789996551724347E-4,-1.5798796551724342E-4,0.0,-1.124103448275909E-6,-1.564827586204696E-7,-2.2552068965517826E-4,-2.1270000000000403E-4,-8.116241379310353E-7,0.0,0.0,1.1527241379309376E-7,-1.3218620689655588E-8,-2.6710344827591258E-8,1.1774482758621162E-8,1.3458620689656253E-8,0.0,-9.858620689655036E-7,1.1316379310345535E-5,0.0,0.0,-8.401448275862352E-5,-8.28093103448299E-5,9.921241379310501E-7,0.0,-1.906420689655221E-5,0.0,5.140586206896723E-6,0.0,-1.852693103448317E-5,-1.319310344827583E-7,-4.434379310345604E-6,-3.388689655172811E-6,0.0,0.0,0.0,3.5848275862069306E-7,2.5771034482758324E-7,-5.660744827586602E-5,0.0,-2.8252068965517443E-5,0.0,-4.6820517241380565E-6,-5.108827586208619E-5,0.0,-1.859193103448269E-5,0.0,0.0,0.0,1.5172758620690598E-7,0.0,-2.4068172413792705E-7,0.0,0.0,-3.771448275862145E-5,0.0,0.0,1.0880000000000487E-7,0.0,-1.219931034482656E-7,0.0,-1.1900000000001772E-7,0.0,0.0,0.0,4.6203448275883595E-9,2.8410344827578233E-8,-2.4521551724139963E-6,-2.1942413793103943E-5,0.0,1.6799689655173468E-8,0.0,-3.240965517241405E-7,-3.1853448275862334E-7,3.781724137931204E-7,0.0,0.0,0.0,0.0,3.926206896551783E-7,0.0,-9.172768965517087E-7,2.9887931034482555E-7,0.0,1.2387586206896734E-6,1.6871034482760956E-6,0.0,-3.274482758620549E-10,-3.409310344827411E-10,0.0,-2.65695862068966E-6,-3.7662413793103007E-6,0.0,-1.334182758620669E-6,-3.9247586206897815E-4,-1.0650137931034049E-6,-1.0513482758620268E-6,8.419862068965738E-6,0.0,0.0,0.0,-3.4093103448278744E-4,-3.5872068965519974E-4,-4.812058620689596E-4,-3.0776896551722957E-7,-1.1602517241379395E-5,
BZRXUSDT,0.0,0.0,0.0,0.0,0.0,0.0,0.0,0.0,0.0,0.0,0.0,0.0,0.0,0.0,0.0,0.0,0.0,0.0,0.0,0.0,0.0,0.0,0.0,0.0,0.0,0.0,0.0,0.0,0.0,0.0,0.0,0.0,0.0,0.0,0.0,0.0,0.0,0.0,0.0,0.0,0.0,0.0,0.0,0.0,0.0,0.0,0.0,0.0,0.0,0.0,0.0,0.0,0.0,0.0,0.0,0.0,0.0,0.0,0.0,0.0,0.0,0.0,0.0,0.0,0.0,0.0,0.0,0.0,0.0,0.0,0.0,0.0,0.0,0.0,0.0,0.0,0.0,0.0,0.0,0.0,0.0,0.0,0.0,0.0,0.0,0.0,0.0,0.0,0.0,0.0,0.0,0.0,0.0,0.0,0.0,0.0,0.0,0.0,0.0,0.0,0.0,0.0,0.0,0.0,0.0,0.0,0.0,0.0,0.0,0.0,0.0,0.0,0.0,0.0,0.0,0.0,0.0,0.0,0.0,0.0,0.0,0.0,0.0,0.0,0.0,0.0,0.0,0.0,0.0,0.0,0.0,0.0,0.0,0.0,0.0,0.0,0.0,0.0,0.0,0.0,0.0,0.0,0.0,0.0,0.0,0.0,0.0,0.0,0.0,0.0,0.0,0.0,0.0,0.0,0.0,0.0,0.0,0.0,0.0,0.0,0.0,0.0,0.0,0.0,0.0,0.0,0.0,0.0,0.0,0.0,0.0,0.0,0.0,0.0,0.0,0.0,0.0,
CELOUSDT,0.0,0.0,0.0,0.0,0.0,0.0,0.0,0.0,0.0,0.0,0.0,0.0,0.0,0.0,0.0,0.0,0.0,0.0,0.0,0.0,0.0,0.0,0.0,0.0,0.0,0.0,0.0,0.0,0.0,0.0,0.0,0.0,0.0,0.0,0.0,0.0,0.0,0.0,0.0,0.0,0.0,0.0,0.0,0.0,0.0,0.0,0.0,0.0,0.0,0.0,0.0,0.0,0.0,0.0,0.0,0.0,0.0,0.0,0.0,0.0,0.0,0.0,0.0,0.0,0.0,0.0,0.0,0.0,0.0,0.0,0.0,0.0,0.0,0.0,0.0,0.0,0.0,0.0,0.0,0.0,0.0,0.0,0.0,0.0,0.0,0.0,0.0,0.0,0.0,0.0,0.0,0.0,0.0,0.0,0.0,0.0,0.0,0.0,0.0,0.0,0.0,0.0,0.0,0.0,0.0,0.0,0.0,0.0,0.0,0.0,0.0,0.0,0.0,0.0,0.0,0.0,0.0,0.0,0.0,0.0,0.0,0.0,0.0,0.0,0.0,0.0,0.0,0.0,0.0,0.0,0.0,0.0,0.0,0.0,0.0,0.0,0.0,0.0,0.0,0.0,0.0,0.0,0.0,0.0,0.0,0.0,0.0,0.0,0.0,0.0,0.0,0.0,0.0,0.0,0.0,0.0,0.0,0.0,0.0,0.0,0.0,0.0,0.0,0.0,0.0,0.0,0.0,0.0,0.0,0.0,0.0,0.0,0.0,0.0,0.0,0.0,0.0,
CELRUSDT,3.110948275862066E-5,3.2438944827586256E-5,4.9166551724137917E-5,-0.0010309289655172388,-0.0016191117241378724,1.3353034482758632E-7,4.361427586206896E-9,4.385482758620688E-9,-4.515862068965193E-8,0.0,0.0,0.0,-9.208965517241766E-9,1.1847889655172417E-7,0.0,2.1597448275861852E-4,8.638689655172413E-8,4.5452275862068983E-7,0.0,0.0,3.6445310344827566E-7,-7.350344827586232E-8,2.4548689655172425E-7,-1.6579655172413788E-4,-1.4592758620689636E-7,0.0,6.906275862068967E-10,0.0,0.0,0.0,1.8390827586206895E-7,9.35124E-8,0.0,3.702068965517242E-7,0.0,-1.0895448275862019E-7,7.644000000000012E-6,8.035434482758614E-6,1.443065517241381E-5,5.131234482758628E-4,5.025841379310338E-4,2.1275172413792915E-7,7.235648275862068E-7,0.0,0.0,0.0,0.0,5.670841379310345E-7,1.599965517241381E-5,6.227241379310351E-9,0.0,0.0,1.1139448275862073E-7,3.1310344827582296E-8,0.0,2.5246482758620695E-7,-7.705724137931027E-7,0.0,4.9063793103448245E-9,5.385400000000001E-6,0.0,7.860655172413791E-8,1.976579310344828E-6,1.2750565517241382E-7,0.0,0.0,0.0,1.7005344827586204E-5,3.786206896550723E-11,0.0,1.04836E-4,0.0,1.0631544137931035E-4,1.0695276551724138E-4,0.0,5.945251724137931E-6,2.2340896551724133E-6,3.257655172413801E-5,3.90331034482758E-5,7.5749724137931E-7,0.0,0.0,6.948689655172428E-8,2.0338206896551733E-8,4.6790344827586237E-8,2.1740275862068966E-8,1.1618758620689661E-7,0.0,1.0484137931034472E-6,1.4756896551724129E-6,0.0,0.0,-2.2808137931034506E-5,-1.8328482758620654E-5,-9.446965517241381E-8,0.0,1.4476944827586205E-5,0.0,7.639848275862069E-6,0.0,1.870455172413787E-6,1.8513103448275866E-7,-4.4822758620689655E-7,2.3811862068965538E-6,0.0,0.0,0.0,-4.073103448275427E-8,1.7608896551724137E-7,1.861683448275862E-5,0.0,1.6394551724137926E-5,0.0,5.1666137931034475E-6,0.001194954551724138,0.0,2.9790351724137934E-5,0.0,0.0,0.0,6.439931034482765E-8,0.0,2.2975806896551723E-7,0.0,0.0,5.9527724137931E-5,0.0,0.0,4.6275172413793115E-8,0.0,2.5381241379310335E-7,0.0,-2.42820689655172E-7,0.0,0.0,0.0,-2.2189586206896575E-8,1.1743931034482759E-7,9.870137931034494E-7,1.2715620689655173E-5,0.0,7.572740689655174E-8,0.0,1.1729862068965511E-7,1.1662413793103446E-7,-3.687586206896693E-8,0.0,0.0,0.0,0.0,-3.5213793103442274E-8,0.0,6.112122758620689E-7,1.139000000000001E-7,0.0,2.2731448275862073E-6,3.305855172413804E-6,0.0,-3.286482758620689E-10,-3.1481379310344853E-10,0.0,9.619124137931033E-7,2.123075862068966E-6,0.0,7.374331034482765E-7,4.998827586206934E-5,6.162958620689655E-7,6.399386206896547E-7,-2.8385241379310385E-6,0.0,0.0,0.0,1.9247586206896556E-4,1.9855793103448245E-4,4.7368565517241383E-4,-3.0152896551724144E-7,5.172848275862069E-6,
CHRUSDT,0.0012143356781609206,0.0012323373839080456,-2.6465748275862085E-4,0.3863981822988501,0.3858117845977011,-1.856331264367817E-6,2.599556321839071E-9,2.8271839080459885E-9,-2.4586896551720485E-7,0.0,0.0,-9.208965517241766E-9,0.0,5.944725057471262E-7,0.0,-0.21211560620689654,8.684450574712644E-7,-1.4781579310344832E-6,0.0,0.0,2.3965866666666664E-6,-4.133064367816088E-6,4.322107126436782E-6,0.005033204597701146,8.960158620689655E-6,0.0,1.0452289655172409E-8,0.0,0.0,0.0,3.0680459770114954E-7,3.7983737471264365E-7,0.0,-2.5214942528735685E-7,0.0,2.237721747126438E-5,1.9314332183908056E-4,1.9706942068965522E-4,6.322686666666665E-4,0.010584543448275864,0.01057874413793104,7.555733333333395E-6,2.475150344827585E-6,0.0,0.0,0.0,0.0,-4.010926436781622E-7,8.4479195402299E-5,7.171586206896543E-8,0.0,0.0,7.019418390804597E-7,6.806642528735632E-5,0.0,3.472787126436781E-6,3.711294712643678E-5,0.0,5.487763218390805E-8,3.1700075862068964E-5,0.0,-8.284620689655201E-8,1.2757733333333337E-5,2.529046436781608E-7,0.0,0.0,0.0,-1.4041016091954016E-4,-1.3245071264367824E-7,0.0,-3.7258845977011524E-4,0.0,-3.563224735632186E-4,-3.5271023908045997E-4,0.0,-1.334917471264369E-5,1.0306571954022993E-4,0.0027605645977011495,0.0027880133333333325,1.0465439080459764E-6,0.0,0.0,6.026680459770119E-7,2.076940229885059E-8,-5.6419310344827665E-8,4.724445977011489E-8,7.74889655172412E-8,0.0,1.739212643678161E-5,1.4537837931034487E-4,0.0,0.0,8.778770574712649E-4,8.782257931034487E-4,4.817153793103449E-6,0.0,-1.379888804597702E-4,0.0,-1.227270574712646E-5,0.0,1.1515582988505745E-4,-2.6948735632183944E-7,-1.0303470804597702E-4,-3.118413333333337E-5,0.0,0.0,0.0,-2.4126666666659806E-7,1.6414089655172403E-6,-6.275103080459769E-4,0.0,1.1616002298850577E-4,0.0,-4.3323300000000026E-5,-0.005176986758620692,0.0,-9.037681379310348E-5,0.0,0.0,0.0,1.9277813793103456E-6,0.0,4.846385517241379E-7,0.0,0.0,2.052211494252863E-5,0.0,0.0,1.8374344827586192E-7,0.0,1.458508735632184E-6,0.0,1.6501473563218394E-5,0.0,0.0,0.0,1.3977954252873572E-6,5.689040229885055E-7,1.297672528735632E-5,-6.608258620689654E-5,0.0,2.0416126206896534E-7,0.0,4.7391908045977075E-7,4.6770919540229866E-7,-1.731999999999871E-7,0.0,0.0,0.0,0.0,-1.6407126436776725E-7,0.0,6.810823678160917E-7,5.977896551724133E-7,0.0,2.3064209195402298E-5,7.778322758620688E-5,0.0,7.134462068965517E-9,7.1222459770114926E-9,0.0,-4.5290505747125976E-7,3.8860565517241404E-5,0.0,8.31043287356322E-6,0.002291050114942531,1.692621241379311E-5,1.6846171494252875E-5,2.9565015862068967E-4,0.0,0.0,0.0,-3.5785747126436835E-4,-2.2023701149425439E-4,9.537421149425282E-4,7.144343218390807E-6,9.764949425287343E-6,
CHZUSDT,1.389135057471265E-4,1.4912587908045953E-4,-8.893028793103451E-5,0.09557024467816101,0.09798846870114943,6.024967356321835E-7,-2.8052295402298907E-9,-2.616379885057471E-9,2.1627620689655966E-7,0.0,0.0,1.1847889655172417E-7,5.944725057471262E-7,0.0,0.0,-0.05522020193103448,3.59458264367816E-7,3.3273513793103436E-7,0.0,0.0,3.6489083908046004E-7,-7.107140229885054E-7,1.348592747126437E-6,0.0010292508045977012,1.9471487931034492E-6,0.0,3.1133379310344805E-10,0.0,0.0,0.0,7.334258045977E-8,-8.932763563218433E-9,0.0,1.2538178160919535E-6,0.0,8.479558505747131E-7,3.388741321839081E-5,3.4946516896551705E-5,1.4238985459770118E-4,0.0018498571379310348,0.0019144208965517224,-4.60125287356357E-8,8.064712758620686E-7,0.0,0.0,0.0,0.0,-4.7396916091954053E-7,4.59830747126437E-5,3.771032758620691E-8,0.0,0.0,4.4674635632183913E-7,1.3108163218390811E-5,0.0,1.5026946091954019E-6,9.963830229885058E-6,0.0,5.092394252873561E-9,-4.5376068965517286E-7,0.0,1.6116831034482753E-7,-1.0372280459770148E-6,6.819144022988505E-8,0.0,0.0,0.0,-4.776384195402298E-5,2.0092173563218373E-8,0.0,-2.630045632183908E-5,0.0,-1.0560584356321845E-4,-1.0439580011494266E-4,0.0,3.1518387356321852E-6,3.2660755402298855E-5,4.370991839080459E-4,4.6814709195402304E-4,1.0101509080459766E-6,0.0,0.0,7.052388390804598E-7,4.7854754022988496E-8,4.836027586206893E-8,7.094063908045975E-8,2.4337865517241387E-7,0.0,6.706657471264366E-6,5.4911998275862056E-5,0.0,0.0,1.0834318160919538E-4,1.190877965517242E-4,2.1178821379310336E-6,0.0,-2.2898464597701148E-5,0.0,2.0849587011494246E-5,0.0,1.1000761954022978E-5,3.8694712643678076E-8,-1.7047542183908048E-5,7.16658252873562E-6,0.0,0.0,0.0,1.817547126436914E-7,1.27395524137931E-6,-8.661027770114947E-5,0.0,1.591592988505747E-5,0.0,-4.427514310344833E-6,7.005786482758622E-4,0.0,-1.3224627586207121E-6,0.0,0.0,0.0,8.29610586206897E-7,0.0,-1.3479116896551733E-7,0.0,0.0,-2.1667140229885037E-5,0.0,0.0,9.74168620689656E-8,0.0,4.816971494252874E-7,0.0,3.614288390804598E-6,0.0,0.0,0.0,2.5118298735632187E-7,3.5951495402298873E-7,3.7137454597701134E-6,-2.692267931034483E-5,0.0,1.8394425758620691E-7,0.0,-1.3574767816091959E-7,-1.2974477011494273E-7,1.9133413793104734E-7,0.0,0.0,0.0,0.0,2.575432183908093E-7,0.0,-7.00134359770115E-7,8.719981034482759E-7,0.0,1.2158008505747126E-5,3.156806620689656E-5,0.0,4.804062068965517E-10,5.216911494252875E-10,0.0,-2.708507678160922E-6,6.746538965517241E-6,0.0,5.458811149425295E-7,4.3958370114942645E-4,2.498865586206896E-6,2.570159183908046E-6,8.916218344827585E-5,0.0,0.0,0.0,4.629118390804595E-4,4.915701264367812E-4,-2.8877460574712655E-4,2.368773218390808E-7,-6.163975057471263E-6,
CKBUSDT,0.0,0.0,0.0,0.0,0.0,0.0,0.0,0.0,0.0,0.0,0.0,0.0,0.0,0.0,0.0,0.0,0.0,0.0,0.0,0.0,0.0,0.0,0.0,0.0,0.0,0.0,0.0,0.0,0.0,0.0,0.0,0.0,0.0,0.0,0.0,0.0,0.0,0.0,0.0,0.0,0.0,0.0,0.0,0.0,0.0,0.0,0.0,0.0,0.0,0.0,0.0,0.0,0.0,0.0,0.0,0.0,0.0,0.0,0.0,0.0,0.0,0.0,0.0,0.0,0.0,0.0,0.0,0.0,0.0,0.0,0.0,0.0,0.0,0.0,0.0,0.0,0.0,0.0,0.0,0.0,0.0,0.0,0.0,0.0,0.0,0.0,0.0,0.0,0.0,0.0,0.0,0.0,0.0,0.0,0.0,0.0,0.0,0.0,0.0,0.0,0.0,0.0,0.0,0.0,0.0,0.0,0.0,0.0,0.0,0.0,0.0,0.0,0.0,0.0,0.0,0.0,0.0,0.0,0.0,0.0,0.0,0.0,0.0,0.0,0.0,0.0,0.0,0.0,0.0,0.0,0.0,0.0,0.0,0.0,0.0,0.0,0.0,0.0,0.0,0.0,0.0,0.0,0.0,0.0,0.0,0.0,0.0,0.0,0.0,0.0,0.0,0.0,0.0,0.0,0.0,0.0,0.0,0.0,0.0,0.0,0.0,0.0,0.0,0.0,0.0,0.0,0.0,0.0,0.0,0.0,0.0,0.0,0.0,0.0,0.0,0.0,0.0,
COMPUSDT,-31.20502137931036,-32.2224020965517,18.926222793103452,-14699.68084206896,-14882.246224827592,0.03315800137931036,6.065283517241382E-4,5.934264137931031E-4,-0.01587920000000162,0.0,0.0,2.1597448275861852E-4,-0.21211560620689654,-0.05522020193103448,0.0,0.0,-0.04252319103448275,0.07091132689655168,0.0,0.0,-0.043066713103448284,0.2828893172413792,-0.19831534620689656,-192.16458965517228,-0.4367184758620689,0.0,-3.1619515172413783E-4,0.0,0.0,0.0,0.00640500482758621,0.00754074099310345,0.0,-0.05582737931034483,0.0,-0.6140467117241382,-5.960514482758621,-6.068722662068967,-22.288626448275856,-223.8981710344828,-230.65750965517262,-0.0858440896551735,-0.04394353310344829,0.0,0.0,0.0,0.0,0.08192537655172416,-2.533933448275867,1.552610344827589E-4,0.0,0.0,-0.04016561310344828,-2.832889827586209,0.0,-0.18031547793103445,-1.807119268965517,0.0,-0.0012027401379310345,-0.16867566206896534,0.0,0.002804486896551727,0.12654494482758644,-0.002625178206896549,0.0,0.0,0.0,10.240505241379308,0.002650412896551723,0.0,16.809224551724135,0.0,38.03335856551724,37.96219736551724,0.0,0.34052426206896547,-4.4860615241379325,-86.63611517241375,-88.66177999999994,0.07071812275862062,0.0,0.0,-0.0621749427586207,-0.0020569408965517262,0.0056934710344827616,-0.005865537793103447,-0.006092899310344831,0.0,-0.6546758275862068,-7.181956034482757,0.0,0.0,-25.25955372413793,-25.688269586206907,-0.32767645034482756,0.0,7.701682351724138,0.0,-0.2845555586206896,0.0,-2.9369520482758613,0.02220354827586207,4.8740055241379325,1.4415429034482758,0.0,0.0,0.0,-0.012817572413795645,-0.11889109862068968,28.649894331034474,0.0,-0.7708804827586215,0.0,2.173730996551724,162.33756986206896,0.0,6.859515882758621,0.0,0.0,0.0,-0.09443157448275866,0.0,0.038887871103448275,0.0,0.0,7.806082482758621,0.0,0.0,-0.010555298965517242,0.0,-0.042397638620689654,0.0,-0.6792637724137929,0.0,0.0,0.0,-0.06081140703448276,-0.04707856862068965,-0.3540548793103444,5.928214241379311,0.0,-0.016285438744827584,0.0,0.018180930344827567,0.01804215862068965,-0.013558765517242699,0.0,0.0,0.0,0.0,-0.019507158620691065,0.0,0.1273621375172414,-0.07265317586206896,0.0,-1.4230585310344832,-3.5862030896551724,0.0,-2.6691049655172414E-4,-2.675444758620689E-4,0.0,0.28747840965517246,-1.0576111172413802,0.0,-0.12144173517241383,-70.64888689655184,-0.4831902572413794,-0.4823029496551724,-13.04396236551724,0.0,0.0,0.0,41.82516896551732,38.933925517241384,81.33029765517243,-0.21869453862068963,0.8417138896551726,
COSUSDT,1.8255936781609206E-4,1.8880885287356317E-4,-3.931512068965521E-5,0.07746862333333336,0.07782103942528738,8.81425287356319E-9,5.729390804597697E-10,6.787183908046E-10,9.03103448276072E-9,0.0,0.0,8.638689655172413E-8,8.684450574712644E-7,3.59458264367816E-7,0.0,-0.04252319103448275,0.0,2.9521034482758366E-8,0.0,0.0,3.971801149425288E-7,-4.824229885057461E-7,1.0689116091954028E-6,8.708563218390804E-4,1.8024810344827596E-6,0.0,1.8593172413793111E-9,0.0,0.0,0.0,1.1550477011494252E-7,1.7704233333333374E-8,0.0,6.631436781609192E-7,0.0,2.7952047126436795E-6,3.673606321839081E-5,3.7808520689655185E-5,1.153129942528736E-4,0.0019356079310344839,0.0019422910344827587,7.669988505747188E-7,7.291734482758618E-7,0.0,0.0,0.0,0.0,5.4993908045976564E-8,2.6210402298850623E-5,2.3632931034482753E-8,0.0,0.0,2.855042528735631E-7,1.2732045977011497E-5,0.0,1.017727471264368E-6,7.267709195402301E-6,0.0,6.43518390804598E-9,5.035675862068966E-6,0.0,9.720310344827582E-8,1.7473954022988496E-6,1.1708433333333328E-7,0.0,0.0,0.0,-2.5917005747126434E-5,-5.64288505747127E-9,0.0,-2.5884252873563535E-6,0.0,-6.805886321839079E-5,-6.717009080459768E-5,0.0,2.632628735632183E-6,2.2165181609195407E-5,4.8116218390804595E-4,4.934405747126442E-4,4.2670701149425346E-7,0.0,0.0,3.533208045977012E-7,3.2905333333333325E-8,1.933862068965522E-8,3.904418390804597E-8,1.431720689655173E-7,0.0,4.736747126436782E-6,3.524363793103449E-5,0.0,0.0,1.2880864367816101E-4,1.2977375862068975E-4,1.2534579310344824E-6,0.0,-1.7324032183908057E-5,0.0,5.494670114942527E-6,0.0,1.8482771264367808E-5,2.9943678160919455E-8,-1.8975187356321843E-5,-2.1242298850574882E-7,0.0,0.0,0.0,-1.432183908037366E-9,6.931579310344823E-7,-9.751976321839086E-5,0.0,1.903529885057472E-5,0.0,-4.977729310344831E-6,1.4609868965517227E-4,0.0,-3.856062068965534E-6,0.0,0.0,0.0,5.097182758620693E-7,0.0,5.534448275862152E-9,0.0,0.0,-2.8302850574712613E-5,0.0,0.0,2.2839655172413785E-8,0.0,3.7941356321839086E-7,0.0,2.5942425287356343E-6,0.0,0.0,0.0,2.5645449425287363E-7,2.7400367816091963E-7,3.0908890804597717E-6,-1.087872413793104E-5,0.0,1.2646087241379306E-7,0.0,4.8523908045977036E-8,4.8576436781609205E-8,9.348275862072014E-9,0.0,0.0,0.0,0.0,2.9763218390807433E-8,0.0,-6.181525287356321E-8,4.30801724137931E-7,0.0,7.223650574712643E-6,2.1332682758620706E-5,0.0,8.689379310344828E-10,8.922494252873562E-10,0.0,-4.4353471264367955E-7,7.083851724137935E-6,0.0,1.0055118390804614E-6,4.374170114942537E-4,2.60111655172414E-6,2.635224252873564E-6,5.908919999999999E-5,0.0,0.0,0.0,1.8226666666666663E-4,2.0738264367816065E-4,1.9634563218390907E-5,7.479463218390809E-7,1.6003252873563204E-6,
