 ,BNBUSDC,BNBUSDT,BNTUSDT,BTCUSDC,BTCUSDT,BTSUSDT,BTTUSDC,BTTUSDT,BUSDUSDT,BZRXUSDT,CELOUSDT,CELRUSDT,CHRUSDT,CHZUSDT,CKBUSDT,COMPUSDT,COSUSDT,COTIUSDT,CRVUSDT,CTKUSDT,CTSIUSDT,CTXCUSDT,CVCUSDT,DASHUSDT,DATAUSDT,DCRUSDT,DENTUSDT,DGBUSDT,DIAUSDT,DNTUSDT,DOCKUSDT,DOGEUSDT,DOTUSDT,DUSKUSDT,EGLDUSDT,ENJUSDT,EOSUSDC,EOSUSDT,ETCUSDT,ETHUSDC,ETHUSDT,EURUSDT,FETUSDT,FILUSDT,FIOUSDT,FIROUSDT,FLMUSDT,FTMUSDT,FTTUSDT,FUNUSDT,GBPUSDT,GRTUSDT,GTOUSDT,GXSUSDT,HARDUSDT,HBARUSDT,HIVEUSDT,HNTUSDT,HOTUSDT,ICXUSDT,INJUSDT,IOSTUSDT,IOTAUSDT,IOTXUSDT,IRISUSDT,JSTUSDT,JUVUSDT,KAVAUSDT,KEYUSDT,KMDUSDT,KNCUSDT,KSMUSDT,LINKUSDC,LINKUSDT,LITUSDT,LRCUSDT,LSKUSDT,LTCUSDC,LTCUSDT,LTOUSDT,LUNAUSDT,MANAUSDT,MATICUSDT,MBLUSDT,MDTUSDT,MFTUSDT,MITHUSDT,MKRUSDT,MTLUSDT,NANOUSDT,NBSUSDT,NEARUSDT,NEOUSDC,NEOUSDT,NKNUSDT,NMRUSDT,NULSUSDT,OCEANUSDT,OGNUSDT,OGUSDT,OMGUSDT,ONEUSDT,ONGUSDT,ONTUSDT,ORNUSDT,OXTUSDT,PAXGUSDT,PAXUSDT,PERLUSDT,PNTUSDT,PSGUSDT,QTUMUSDT,REEFUSDT,RENUSDT,REPUSDT,RIFUSDT,RLCUSDT,ROSEUSDT,RSRUSDT,RUNEUSDT,RVNUSDT,SANDUSDT,SCUSDT,SFPUSDT,SKLUSDT,SNXUSDT,SOLUSDT,SRMUSDT,STMXUSDT,STORJUSDT,STPTUSDT,STRAXUSDT,STXUSDT,SUSDUSDT,SUSHIUSDT,SXPUSDT,TCTUSDT,TFUELUSDT,THETAUSDT,TOMOUSDT,TRBUSDT,TROYUSDT,TRUUSDT,TRXUSDC,TRXUSDT,TUSDUSDT,TWTUSDT,UMAUSDT,UNFIUSDT,UNIUSDT,USDCUSDT,UTKUSDT,VETUSDT,VITEUSDT,VTHOUSDT,WANUSDT,WAVESUSDT,WINGUSDT,WINUSDC,WINUSDT,WNXMUSDT,WRXUSDT,WTCUSDT,XEMUSDT,XLMUSDT,XMRUSDT,XRPUSDC,XRPUSDT,XTZUSDT,XVSUSDT,YFIIUSDT,YFIUSDT,ZECUSDC,ZECUSDT,ZENUSDT,ZILUSDT,ZRXUSDT,
BNBUSDC,0.0,0.8907585472413793,0.15528575229885047,45.7122492758621,45.32537590804615,2.977690459770113E-4,3.5359013908045964E-5,3.541309781609195E-5,-9.224827586208055E-5,0.0,0.0,3.753024022988504E-4,0.002051415206896551,1.3366015632183925E-4,0.0,-2.963295827586219,4.4026257471264354E-4,0.002285462183908046,0.0,0.0,0.004118889620689654,0.0034840977011494248,6.739553908045984E-4,1.3265598275862074,0.0022787397241379303,0.0,5.197099770114939E-6,0.0,0.0,0.0,0.001521592934482758,4.589463259770115E-4,0.0,0.003419581954022986,0.0,0.005635769620689657,0.06710462114942532,0.06746339172413797,0.2174704682758621,5.297803735632183,5.27241088505747,0.0050402118390804485,0.005729943793103447,0.0,0.0,0.0,0.0,0.0012085512413793102,0.07050505632183911,8.41113977011494E-5,0.0,0.0,4.0433664367816094E-4,0.0059592978160919585,0.0,6.563082758620694E-4,0.0020285374712643686,0.0,6.0648771724137935E-5,0.035742321149425285,0.0,1.853412758620691E-4,0.010921506206896548,4.843014678160918E-4,0.0,0.0,0.0,0.22972305758620676,1.8195071264367774E-5,0.0,0.09985284712643673,0.0,1.0362832103448272,1.0326300531034478,0.0,0.011000448126436779,0.031415590000000014,0.8979085172413789,0.8987825172413796,0.006175453632183907,0.0,0.0,7.307872988505744E-4,7.819714022988502E-5,9.710060919540227E-4,4.7414650574712615E-5,3.4309922988505736E-4,0.0,0.007624086666666662,0.014001330229885079,0.0,0.0,0.2851352770114942,0.28567424597701163,-2.6270274712643653E-4,0.0,-0.0025163802298850584,0.0,0.011632555172413796,0.0,0.032116936436781617,4.949362183908044E-4,-0.009420526436781611,0.03978816057471262,0.0,0.0,0.0,-5.979333333332968E-5,8.793602643678159E-4,0.058233073908045906,0.0,0.19370672873563213,0.0,0.012011259126436772,0.9010528482758619,0.0,0.15165617298850567,0.0,0.0,0.0,6.870880459770116E-4,0.0,0.0013465301942528732,0.0,0.0,0.975848157471264,0.0,0.0,1.1667230804597703E-4,0.0,0.0012237036321839077,0.0,0.004297568850574714,0.0,0.0,0.0,2.235440701149426E-4,1.1514177241379312E-4,0.011305168195402301,0.07496725160919536,0.0,1.4707235264367808E-4,0.0,6.304872988505746E-4,6.336875402298849E-4,-8.188379310346462E-5,0.0,0.0,0.0,0.0,-5.741425287356891E-5,0.0,0.0034199995965517233,2.9983436781609474E-5,0.0,0.006788632758620691,0.035950196781609184,0.0,9.700885057471264E-7,1.002111609195402E-6,0.0,0.0037010884022988483,0.03480303816091954,0.0,0.00987095356321839,1.8260476551724136,0.008103671551724142,0.008147816563218389,0.17373136919540225,0.0,0.0,0.0,2.6955560689655162,2.765576712643677,2.850242532183907,6.928239770114945E-4,0.023574754827586197,
BNBUSDT,0.8907585472413793,0.0,0.15577015089655177,46.385857427586174,46.068518234482866,3.007859517241376E-4,3.574863593103448E-5,3.580502255172415E-5,-8.549993103449432E-5,0.0,0.0,3.808434896551723E-4,0.0020931789172413786,1.4247948965517225E-4,0.0,-4.044951179310332,4.504784068965517E-4,0.002311511551724138,0.0,0.0,0.004167097462068966,0.0035038094482758627,6.987620275862067E-4,1.3499158344827584,0.0023559355999999993,0.0,5.250056482758619E-6,0.0,0.0,0.0,0.001544543359310345,4.6375371751724144E-4,0.0,0.0035072142758620696,0.0,0.005727339103448279,0.06823670503448277,0.06860566586206901,0.22146168020689652,5.343869903448274,5.3203139172413785,0.005089377517241369,0.005827333448275861,0.0,0.0,0.0,0.0,0.0012187934068965522,0.07143875517241378,8.453182413793102E-5,0.0,0.0,4.142176551724137E-4,0.006196756137931029,0.0,6.783614206896547E-4,0.002167462965517238,0.0,6.153608503448275E-5,0.03621502979310345,0.0,1.8578104758620702E-4,0.011013466000000001,4.906343413793103E-4,0.0,0.0,0.0,0.23202207813793105,1.8898575862068982E-5,0.0,0.10053685931034488,0.0,1.0488238197931037,1.0452388122758622,0.0,0.011189038434482757,0.032085751103448266,0.9095673862068958,0.9109751586206897,0.006242976586206896,0.0,0.0,7.469073379310344E-4,7.981016965517243E-5,9.845311931034482E-4,4.970074551724139E-5,3.503690896551724E-4,0.0,0.007760310689655165,0.014883397655172406,0.0,0.0,0.28934518344827576,0.2899446820689656,-2.383177517241386E-4,0.0,-0.0033301698620689458,0.0,0.011834016551724134,0.0,0.032316647034482754,5.009479517241379E-4,-0.010011692827586204,0.04016141055172413,0.0,0.0,0.0,-5.305751724137528E-5,9.089595103448276E-4,0.055894801103448334,0.0,0.1964343606896551,0.0,0.011969273158620689,0.9109302220689659,0.0,0.1535570419310345,0.0,0.0,0.0,7.03942317241379E-4,0.0,0.0013608703462068966,0.0,0.0,0.9895395599999999,0.0,0.0,1.1979210344827583E-4,0.0,0.0012436815517241377,0.0,0.004390769172413791,0.0,0.0,0.0,2.3186551862068957E-4,1.1931436896551717E-4,0.011398568772413794,0.07552341165517241,0.0,1.5252651868965521E-4,0.0,6.336956482758621E-4,6.370216000000001E-4,-7.438241379311995E-5,0.0,0.0,0.0,0.0,-4.97301379310404E-5,0.0,0.0034539128282758628,3.838748965517232E-5,0.0,0.0070163027586206865,0.03693807337931035,0.0,9.887986896551723E-7,1.0216084827586198E-6,0.0,0.0037063258620689673,0.03521872537931035,0.0,0.010015674041379308,1.8530262827586208,0.008235001344827587,0.008280491917241378,0.1775764328275862,0.0,0.0,0.0,2.7248634620689662,2.7961633241379316,2.881015006896552,7.129258206896548E-4,0.023720569034482754,
BNTUSDT,0.15528575229885047,0.15577015089655177,0.0,-8.60147782068969,-9.649308974712623,-9.976547126436798E-6,9.492157045977012E-6,9.460587195402298E-6,-1.008975517241425E-4,0.0,0.0,8.023047471264365E-5,2.6158266551724136E-4,-1.292397471264368E-4,0.0,12.69055653103448,3.4675967816091946E-5,5.218132356321841E-4,0.0,0.0,8.696258862068966E-4,9.410913908045975E-4,-1.7090857816091956E-4,0.04657684827586211,3.258405862068954E-5,0.0,1.4989087011494252E-6,0.0,0.0,0.0,3.586523606896551E-4,1.1800844145977013E-4,0.0,6.301102988505747E-4,0.0,0.0014856251551724152,0.00983576470114943,0.009808726379310354,0.01673931010344826,1.117585083908046,1.0904301195402295,0.00143484025287356,0.0011820029137931034,0.0,0.0,0.0,0.0,5.782043068965518E-4,0.0075652459770114994,1.3074158045976997E-5,0.0,0.0,1.1192850574712664E-5,-0.002020136873563221,0.0,-1.559826862068965E-4,-0.002255440701149425,0.0,1.2788328034482758E-5,0.009663110873563216,0.0,4.194149965517242E-5,0.0035348742068965523,1.2662138505747128E-4,0.0,0.0,0.0,0.06685792424137929,4.577043678160915E-6,0.0,0.056581478505747136,0.0,0.2864155395517241,0.2859527776896552,0.0,0.00270566711954023,-7.370242758620693E-4,0.09864326206896548,0.09505614827586213,0.0013664760977011492,0.0,0.0,2.573317471264369E-5,1.538065091954023E-5,2.107103264367816E-4,-1.2591956321839038E-6,4.423525747126437E-5,0.0,3.713687356321829E-4,-0.011360270252873561,0.0,0.0,0.042075823908046,0.04150373011494256,-6.46942312643678E-4,0.0,0.012853371218390804,0.0,-8.823206896551774E-5,0.0,0.00703564547126437,1.5227603908045975E-4,0.002415082149425287,0.008700975333333335,0.0,0.0,0.0,-8.455019540229762E-5,-5.5411359770114974E-5,0.05425250652873563,0.0,0.04459789528735632,0.0,0.0059428334988505735,0.2867601420689656,0.0,0.042350016540229886,0.0,0.0,0.0,-5.327431264367824E-5,0.0,3.7779963287356313E-4,0.0,0.0,0.2191065633333333,0.0,0.0,-3.4950505747126404E-6,0.0,1.7688164942528733E-4,0.0,4.3954298850574895E-5,0.0,0.0,0.0,-1.901275505747126E-5,-5.101502758620692E-5,0.0021343053574712652,0.027358101574712638,0.0,7.904511643678172E-6,0.0,2.195815712643678E-4,2.181617540229886E-4,-9.039775862069612E-5,0.0,0.0,0.0,0.0,-1.0283828735632062E-4,0.0,0.0010862897555172413,-1.6943009425287358E-4,0.0,-7.813117241379318E-4,0.001525205540229889,0.0,1.2446471264367942E-8,2.0684298850574677E-8,0.0,0.0019411598160919549,0.006557956022988506,0.0,0.0021622493080459765,0.33533167586206875,0.0011912034137931042,0.0011990434356321837,0.015918598022988503,0.0,0.0,0.0,0.6024192310344827,0.6162932195402298,0.8031332132183908,1.337740459770108E-5,0.008918329344827584,
BTCUSDC,45.7122492758621,46.385857427586174,-8.60147782068969,0.0,23382.74824689655,0.07926693172413786,-1.7432346896552065E-4,-1.5596173103448534E-4,-7.996758620675817E-4,0.0,0.0,0.012103387586206903,0.20366681448275847,0.10098449965517244,0.0,-9308.860318620706,0.0472383503448276,0.05110504482758607,0.0,0.0,0.12521104413793052,-0.07142604137931081,0.20280932965517262,248.96105310344825,0.29004294758620736,0.0,4.285270551724131E-4,0.0,0.0,0.0,0.0035131556551723166,0.018835584848275792,0.0,0.03287685517241412,0.0,0.5142230999999993,9.360603455172408,9.681323517241372,32.734516868965514,701.3124255172407,702.9791662068956,0.23239674482758785,0.03497725172413823,0.0,0.0,0.0,0.0,-0.03837493241379325,8.263889310344835,0.008963985862068936,0.0,0.0,0.06445984137931038,2.6443509172413813,0.0,0.23162963241379322,1.8142587655172422,0.0,0.0012259966275862016,0.738029165517238,0.0,0.033174428137930985,0.43249464827586054,0.011781252758620672,0.0,0.0,0.0,-11.235635958620694,-3.6939172413793104E-4,0.0,-6.582863655172432,0.0,-18.59501873103451,-18.317682131034505,0.0,0.018967700689655496,5.889238841379318,136.0610393103448,139.15949724137917,0.24089712068965474,0.0,0.0,0.11275836413793111,0.005568406000000001,3.8272482758610406E-4,0.0050572587586207,0.02594533172413791,0.0,1.0138641034482758,9.129414565517246,0.0,0.0,35.239709448275846,37.00095951724137,0.3155097082758623,0.0,-1.9928832482758716,0.0,1.987590931034482,0.0,6.052073648275856,0.008500473103448222,-3.0723557724137978,0.6140817999999968,0.0,0.0,0.0,-0.0030283999999984406,0.16565863655172428,-8.179645675862094,0.0,3.7537004137930943,0.0,-0.4632558234482792,27.326522344827513,0.0,-1.8030365103448345,0.0,0.0,0.0,0.12229190482758634,0.0,0.012725525793103303,0.0,0.0,-18.821624206896626,0.0,0.0,0.017182163793103455,0.0,0.07793129310344825,0.0,0.7170593862068962,0.0,0.0,0.0,0.05072776579310346,0.057476944482758696,1.1593155268965514,-3.8102810827586286,0.0,0.01634963480689658,0.0,0.01079237793103435,0.011070509655172277,-0.001094586206895243,0.0,0.0,0.0,0.0,0.00461966206896676,0.0,-0.029086449517241823,0.1158947634482759,0.0,1.9418841724137943,4.002364468965523,0.0,2.0846442758620673E-4,2.0940914482758596E-4,0.0,-0.23985706206896634,1.6634302137931034,0.0,0.16239013241379266,95.06070827586217,0.6699222034482751,0.6766313144827578,13.115615358620701,0.0,0.0,0.0,101.49745103448257,106.46590965517224,17.835947931034177,0.1456809399999999,0.16352808275861613,
BTCUSDT,45.32537590804615,46.068518234482866,-9.649308974712623,23382.74824689655,0.0,0.08082261057471256,-2.7438074252872797E-4,-2.545217954022907E-4,0.002102613793104738,0.0,0.0,0.01143702804597711,0.20380357724137943,0.10367912367816096,0.0,-9547.289461379312,0.04783011908045983,0.04717165747126478,0.0,0.0,0.11807032965517317,-0.07432950804597702,0.20822698229885067,252.27740965517253,0.2996012606896554,0.0,4.038719954023001E-4,0.0,0.0,0.0,0.0012104337241381892,0.0173442023747127,0.0,0.035902687356322134,0.0,0.49723702068965525,9.339485278160927,9.661139241379317,32.961096806896585,692.3812567816096,694.8560335632185,0.22053706436781847,0.03202897241379389,0.0,0.0,0.0,0.0,-0.046634354482758336,8.294234712643696,0.008968646436781615,0.0,0.0,0.06545263218390814,2.6819106735632188,0.0,0.2352457786206898,1.8614156114942537,0.0,0.0011058026000000118,0.6497230436781664,0.0,0.03256004834482759,0.38288729655172526,0.01077409908045984,0.0,0.0,0.0,-11.703566020689621,-2.324464367816183E-4,0.0,-7.557880988505712,0.0,-20.35353346206884,-20.057020227586086,0.0,0.003630195632185592,5.9662267517241485,136.15514068965527,139.4021565517242,0.229851312643679,0.0,0.0,0.11527237080459786,0.005462917632183922,-4.8615954022975975E-4,0.005290704873563218,0.025952833563218456,0.0,1.0167951954022996,9.39413710804597,0.0,0.0,35.303754298850585,37.06424202298852,0.32687465333333343,0.0,-2.2717568873563216,0.0,1.9973360689655182,0.0,5.9622487908045985,0.006571179540229987,-3.1377971080459806,0.5824750252873583,0.0,0.0,0.0,-3.0650114942385544E-4,0.16985070873563227,-9.001238949425288,0.0,3.448291747126467,0.0,-0.5354596940229881,23.834786758620783,0.0,-2.1078969057471166,0.0,0.0,0.0,0.12560983954023,0.0,0.009663756988505957,0.0,0.0,-20.343456574712445,0.0,0.0,0.01746851333333335,0.0,0.07765452988505767,0.0,0.723936611494253,0.0,0.0,0.0,0.051658297678160936,0.05903993620689653,1.1592225239080458,-4.066688774712635,0.0,0.016534240211494276,0.0,0.007545132873563343,0.007872168735632293,0.0017385862068977965,0.0,0.0,0.0,0.0,0.0077186804597711095,0.0,-0.040624447999999605,0.11931890390804595,0.0,1.973764827586209,4.1142008114942525,0.0,2.092185218390807E-4,2.102805080459772E-4,0.0,-0.2750226505747116,1.6360788873563252,0.0,0.1473624498850588,94.13043379310386,0.6668886758620698,0.6738041554022998,13.539556659770126,0.0,0.0,0.0,101.05539172413802,106.0667342528736,11.775262298851057,0.14766695126436785,0.03530464827586481,
BTSUSDT,2.977690459770113E-4,3.007859517241376E-4,-9.976547126436798E-6,0.07926693172413786,0.08082261057471256,0.0,4.989733333333327E-9,5.095121839080457E-9,1.0057241379309376E-7,0.0,0.0,3.823908045976949E-9,-9.939034482758632E-8,4.003588505747123E-7,0.0,-0.01568706413793103,6.277494252873555E-8,1.0039195402298847E-6,0.0,0.0,1.8766110344827577E-6,2.531857471264368E-6,4.901036781609198E-7,0.0016653227586206905,1.0104110344827593E-6,0.0,1.4719678160919528E-9,0.0,0.0,0.0,2.7108089655172395E-7,2.2389472643678153E-7,0.0,3.636735632183891E-7,0.0,7.234137931034496E-7,4.938115402298849E-5,5.031779310344823E-5,2.0486719999999992E-4,0.003688476781609193,0.003739652183908042,9.233816091953852E-7,1.6041034482758652E-7,0.0,0.0,0.0,0.0,-5.200089655172414E-7,3.646367816091948E-5,9.390781609195398E-8,0.0,0.0,3.0433563218390803E-7,5.708714942528735E-6,0.0,6.442331034482753E-7,7.08631494252873E-6,0.0,2.285016551724137E-8,4.270581609195399E-6,0.0,2.3069496551724103E-7,5.541103448275829E-7,-3.686609195402305E-8,0.0,0.0,0.0,-2.5057006896551727E-5,4.757149425287355E-8,0.0,-7.149002298850576E-5,0.0,7.781711034482763E-5,7.531713103448284E-5,0.0,-1.8224788505747145E-6,2.3305572413793087E-5,7.402089655172406E-4,7.50461379310344E-4,3.179774712643677E-6,0.0,0.0,8.918680459770111E-7,1.3702045977011488E-8,3.567521839080457E-7,1.3951494252873622E-9,1.2419356321839073E-7,0.0,4.090229885057466E-6,3.60931701149425E-5,0.0,0.0,1.853231954022987E-4,1.9513760919540223E-4,1.3661112643678155E-6,0.0,-6.7882459770115E-6,0.0,1.3055758620689658E-5,0.0,2.5985639080459762E-5,6.370160919540222E-8,-2.4032735632183887E-6,1.907500459770114E-5,0.0,0.0,0.0,1.1425057471263386E-7,8.170197701149423E-7,7.12732850574712E-5,0.0,4.690671264367814E-5,0.0,5.355221149425284E-6,6.0675586206896214E-5,0.0,1.0155625287356312E-5,0.0,0.0,0.0,5.170422988505747E-7,0.0,2.504499540229883E-7,0.0,0.0,2.1556363218390803E-4,0.0,0.0,7.987919540229886E-8,0.0,3.5672988505747097E-7,0.0,4.44969425287356E-6,0.0,0.0,0.0,1.691534022988504E-7,2.380758620689653E-7,9.156377701149421E-6,-2.5801816091954067E-6,0.0,-1.0046898850574691E-8,0.0,4.4023218390804286E-8,4.8784597701149214E-8,1.0175862068965379E-7,0.0,0.0,0.0,0.0,1.5621149425286293E-7,0.0,2.1095675862068888E-7,6.561204597701145E-7,0.0,8.440793103448274E-6,1.1863645977011509E-5,0.0,8.988252873563215E-10,9.119356321839071E-10,0.0,-1.6105609195402314E-6,1.356097011494253E-5,0.0,2.2831181609195394E-6,6.941779310344819E-4,4.234606896551717E-6,4.3330878160919555E-6,7.167910114942524E-5,0.0,0.0,0.0,0.001580793793103448,0.0015954570114942537,4.425447126436778E-4,4.1496229885057474E-7,3.779296551724132E-6,
BTTUSDC,3.5359013908045964E-5,3.574863593103448E-5,9.492157045977012E-6,-1.7432346896552065E-4,-2.7438074252872797E-4,4.989733333333327E-9,0.0,1.963579563218391E-9,-9.203551724138542E-9,0.0,0.0,1.801789770114942E-8,7.43687275862069E-8,-6.266704597701153E-9,0.0,9.335090620689656E-4,1.5056349425287353E-8,1.0331072988505749E-7,0.0,0.0,1.992874103448276E-7,1.7544295402298856E-7,3.2359643678160863E-9,3.275128275862068E-5,6.221341034482754E-8,0.0,2.758244712643677E-10,0.0,0.0,0.0,7.888839724137933E-8,2.1456523091954018E-8,0.0,1.5707818390804598E-7,0.0,2.43583327586207E-7,2.389161298850576E-6,2.367707068965519E-6,6.630385206896547E-6,1.9742115057471264E-4,1.9477296321839075E-4,2.2899291954022934E-7,2.556781551724138E-7,0.0,0.0,0.0,0.0,7.216021724137932E-8,2.364747126436782E-6,3.0083316091954014E-9,0.0,0.0,1.1824149425287358E-8,-3.3378850574714225E-9,0.0,3.458299999999999E-9,-1.238157126436782E-7,0.0,3.1347814137931038E-9,1.7019293333333333E-6,0.0,6.294228620689659E-9,5.565928965517241E-7,2.3390777011494246E-8,0.0,0.0,0.0,1.1989337965517239E-5,6.628459770114936E-10,0.0,7.2018001149425296E-6,0.0,5.0602534793103446E-5,5.035538072413794E-5,0.0,4.979016528735634E-7,7.58938689655172E-7,2.9292041379310328E-5,2.866127931034482E-5,2.7752741954022986E-7,0.0,0.0,1.7195349425287346E-8,3.597520804597702E-9,5.0595825287356323E-8,1.6753018390804594E-9,1.521341149425287E-8,0.0,2.761512643678158E-7,-5.943139540229885E-7,0.0,0.0,9.478420229885057E-6,9.328456781609202E-6,-5.526959080459772E-8,0.0,5.294976091954028E-7,0.0,3.957279310344826E-7,0.0,1.0945264597701154E-6,2.585269885057471E-8,-1.298724252873562E-7,1.6729530804597699E-6,0.0,0.0,0.0,-7.480563218390572E-9,2.0722228735632185E-8,4.658653747126436E-6,0.0,9.023278505747127E-6,0.0,6.822141701149426E-7,4.3129935862068986E-5,0.0,7.462362218390805E-6,0.0,0.0,0.0,1.1923167816091944E-8,0.0,6.494240367816091E-8,0.0,0.0,5.3606624942528724E-5,0.0,0.0,3.880478160919539E-9,0.0,5.2084247126436775E-8,0.0,1.4660135632183906E-7,0.0,0.0,0.0,6.335629540229885E-9,-3.0808275862068974E-9,3.929636632183909E-7,4.023372977011493E-6,0.0,5.898491390804597E-9,0.0,3.546850459770115E-8,3.551778390804599E-8,-8.8332758620699E-9,0.0,0.0,0.0,0.0,-8.804678160919655E-9,0.0,1.7416908862068968E-7,-1.51578091954023E-8,0.0,1.000031034482759E-7,1.04360383908046E-6,0.0,3.15307011494253E-11,3.2867563218390766E-11,0.0,2.557400114942529E-7,1.4505185977011495E-6,0.0,4.775467540229884E-7,8.076721379310343E-5,3.228640344827588E-7,3.240745781609195E-7,5.7580332873563196E-6,0.0,0.0,0.0,1.0778706551724139E-4,1.1004121494252873E-4,1.3868472816091956E-4,1.4595222988505746E-8,1.2727461034482758E-6,
BTTUSDT,3.541309781609195E-5,3.580502255172415E-5,9.460587195402298E-6,-1.5596173103448534E-4,-2.545217954022907E-4,5.095121839080457E-9,1.963579563218391E-9,0.0,-9.084689655173015E-9,0.0,0.0,1.8002829885057468E-8,7.452614482758622E-8,-6.120698850574711E-9,0.0,9.183080206896552E-4,1.511097471264368E-8,1.032128390804598E-7,0.0,0.0,1.9878316551724141E-7,1.7511487356321842E-7,3.646204597701155E-9,3.310132413793104E-5,6.282130344827587E-8,0.0,2.7456963218390795E-10,0.0,0.0,0.0,7.887157034482758E-8,2.1459576873563216E-8,0.0,1.568667126436782E-7,0.0,2.43652103448276E-7,2.4011625977011516E-6,2.380481724137934E-6,6.675865931034483E-6,1.9775040459770116E-4,1.9513265057471263E-4,2.2874514942528678E-7,2.5575544827586213E-7,0.0,0.0,0.0,0.0,7.212671034482758E-8,2.3733114942528747E-6,3.031628735632183E-9,0.0,0.0,1.1925160919540237E-8,5.11126436781556E-10,0.0,3.930496551724144E-9,-1.2118280459770105E-7,0.0,3.1318976551724145E-9,1.7023190114942533E-6,0.0,6.339660689655177E-9,5.558709655172413E-7,2.341108505747127E-8,0.0,0.0,0.0,1.1967323862068966E-5,6.653057471264366E-10,0.0,7.169889885057473E-6,0.0,5.0568862E-5,5.0321641793103445E-5,0.0,4.988220643678162E-7,7.661484137931034E-7,2.945380689655171E-5,2.883221379310345E-5,2.775178390804599E-7,0.0,0.0,1.745811264367816E-8,3.596982988505748E-9,5.046465057471265E-8,1.6765622988505758E-9,1.5215616091954025E-8,0.0,2.7606356321839067E-7,-5.755999770114936E-7,0.0,0.0,9.51186114942529E-6,9.367879080459778E-6,-5.468352643678162E-8,0.0,5.198362528735634E-7,0.0,3.977165517241378E-7,0.0,1.1007715402298854E-6,2.579146666666666E-8,-1.3643622988505756E-7,1.673738574712644E-6,0.0,0.0,0.0,-7.364229885057235E-9,2.0940216091954043E-8,4.61726059770115E-6,0.0,9.023801839080463E-6,0.0,6.808557885057471E-7,4.31057855172414E-5,0.0,7.4639771954023E-6,0.0,0.0,0.0,1.2194508045977013E-8,0.0,6.490051770114944E-8,0.0,0.0,5.35127843678161E-5,0.0,0.0,3.896180459770116E-9,0.0,5.210966666666667E-8,0.0,1.469085747126437E-7,0.0,0.0,0.0,6.397507356321843E-9,-2.9748965517241367E-9,3.9433405057471285E-7,4.01609216091954E-6,0.0,5.879458298850576E-9,0.0,3.536525057471264E-8,3.5415291954023E-8,-8.706206896552649E-9,0.0,0.0,0.0,0.0,-8.667287356321957E-9,0.0,1.7413686689655177E-7,-1.4929480459770114E-8,0.0,1.0293931034482769E-7,1.0490659540229895E-6,0.0,3.175381609195405E-11,3.310133333333331E-11,0.0,2.5434726436781614E-7,1.4539847816091956E-6,0.0,4.770266804597702E-7,8.072666896551726E-5,3.2371224137931057E-7,3.2494222528735627E-7,5.782903471264368E-6,0.0,0.0,0.0,1.0801461379310347E-4,1.1026932643678164E-4,1.3858125287356321E-4,1.4961377011494255E-8,1.2723942758620688E-6,
BUSDUSDT,-9.224827586208055E-5,-8.549993103449432E-5,-1.008975517241425E-4,-7.996758620675817E-4,0.002102613793104738,1.0057241379309376E-7,-9.203551724138542E-9,-9.084689655173015E-9,0.0,0.0,0.0,-6.58034482758652E-8,-1.2241034482758968E-7,2.4323448275863097E-7,0.0,-0.0239697310344849,4.9924137931032415E-8,-3.9922413793108685E-7,0.0,0.0,-6.665206896552511E-7,-9.100344827587591E-7,4.1449310344830434E-7,1.6586896551723613E-4,8.850310344827201E-7,0.0,-2.5681724137931095E-9,0.0,0.0,0.0,-2.0396827586209945E-7,-1.397443793103461E-7,0.0,3.9737931034467635E-7,0.0,-1.4483620689655625E-6,-6.860310344827434E-6,-6.982931034482604E-6,1.1775551724137784E-5,-0.0014820793103448725,-0.0014018413793103876,-1.4021379310346434E-6,-2.7605172413806033E-7,0.0,0.0,0.0,0.0,-7.638862068965609E-7,-3.7827586206900445E-6,-2.0781034482761313E-8,0.0,0.0,7.46206896551737E-8,2.879241379310725E-6,0.0,2.9767931034486273E-7,3.944517241379471E-6,0.0,-7.921689655173387E-9,-8.501586206896976E-6,0.0,-6.817137931034666E-8,-4.994344827586314E-6,-1.0919655172414054E-7,0.0,0.0,0.0,-4.268893103449016E-5,1.6889655172411012E-8,0.0,-8.592172413793254E-5,0.0,-1.8564520689658232E-4,-1.8460134482761677E-4,0.0,-1.4055655172415603E-6,4.582482758620906E-6,-1.0326896551724023E-4,-9.058275862068756E-5,-1.0962241379311384E-6,0.0,0.0,1.6630344827584434E-7,-1.0835517241381156E-8,-9.418620689657851E-8,2.7600689655170912E-8,-1.2551724137965184E-9,0.0,8.793103448275162E-8,2.1023517241380452E-5,0.0,0.0,-2.2740689655176716E-5,-2.2421379310348353E-5,1.0589379310345284E-6,0.0,-2.8922620689655548E-5,0.0,2.958275862069007E-6,0.0,-1.2928827586206986E-5,-1.8191034482759457E-7,-7.696793103449075E-6,-3.867379310346179E-6,0.0,0.0,0.0,2.895517241379338E-7,3.5821724137929737E-7,-8.722717241379975E-5,0.0,-2.5503103448280256E-5,0.0,-7.52815172413832E-6,-3.200503448275995E-4,0.0,-2.7851344827590274E-5,0.0,0.0,0.0,2.596620689655198E-7,0.0,-3.274986206896764E-7,0.0,0.0,-9.282448275864559E-5,0.0,0.0,2.8868965517241838E-8,0.0,-5.656896551725034E-8,0.0,5.308965517241399E-7,0.0,0.0,0.0,6.728586206897069E-8,1.0426551724138299E-7,-1.980865517241534E-6,-2.605920689655404E-5,0.0,3.459782758620457E-8,0.0,-3.1902413793104234E-7,-3.1450344827587003E-7,3.0637931034483993E-7,0.0,0.0,0.0,0.0,3.2693103448275613E-7,0.0,-1.110676896551778E-6,3.1507586206897777E-7,0.0,2.507241379310437E-6,8.917172413792647E-6,0.0,-6.655172413757813E-12,2.0689655176146732E-13,0.0,-3.118758620689725E-6,-3.7908275862072818E-6,0.0,-1.328717241379486E-6,-1.7506206896555554E-4,-5.331379310345127E-7,-5.189275862069249E-7,3.2167999999996017E-5,0.0,0.0,0.0,-2.1293448275870326E-4,-2.189000000000824E-4,-6.553465517241879E-4,5.66827586207111E-8,-1.2344241379310612E-5,
BZRXUSDT,0.0,0.0,0.0,0.0,0.0,0.0,0.0,0.0,0.0,0.0,0.0,0.0,0.0,0.0,0.0,0.0,0.0,0.0,0.0,0.0,0.0,0.0,0.0,0.0,0.0,0.0,0.0,0.0,0.0,0.0,0.0,0.0,0.0,0.0,0.0,0.0,0.0,0.0,0.0,0.0,0.0,0.0,0.0,0.0,0.0,0.0,0.0,0.0,0.0,0.0,0.0,0.0,0.0,0.0,0.0,0.0,0.0,0.0,0.0,0.0,0.0,0.0,0.0,0.0,0.0,0.0,0.0,0.0,0.0,0.0,0.0,0.0,0.0,0.0,0.0,0.0,0.0,0.0,0.0,0.0,0.0,0.0,0.0,0.0,0.0,0.0,0.0,0.0,0.0,0.0,0.0,0.0,0.0,0.0,0.0,0.0,0.0,0.0,0.0,0.0,0.0,0.0,0.0,0.0,0.0,0.0,0.0,0.0,0.0,0.0,0.0,0.0,0.0,0.0,0.0,0.0,0.0,0.0,0.0,0.0,0.0,0.0,0.0,0.0,0.0,0.0,0.0,0.0,0.0,0.0,0.0,0.0,0.0,0.0,0.0,0.0,0.0,0.0,0.0,0.0,0.0,0.0,0.0,0.0,0.0,0.0,0.0,0.0,0.0,0.0,0.0,0.0,0.0,0.0,0.0,0.0,0.0,0.0,0.0,0.0,0.0,0.0,0.0,0.0,0.0,0.0,0.0,0.0,0.0,0.0,0.0,0.0,0.0,0.0,0.0,0.0,0.0,
CELOUSDT,0.0,0.0,0.0,0.0,0.0,0.0,0.0,0.0,0.0,0.0,0.0,0.0,0.0,0.0,0.0,0.0,0.0,0.0,0.0,0.0,0.0,0.0,0.0,0.0,0.0,0.0,0.0,0.0,0.0,0.0,0.0,0.0,0.0,0.0,0.0,0.0,0.0,0.0,0.0,0.0,0.0,0.0,0.0,0.0,0.0,0.0,0.0,0.0,0.0,0.0,0.0,0.0,0.0,0.0,0.0,0.0,0.0,0.0,0.0,0.0,0.0,0.0,0.0,0.0,0.0,0.0,0.0,0.0,0.0,0.0,0.0,0.0,0.0,0.0,0.0,0.0,0.0,0.0,0.0,0.0,0.0,0.0,0.0,0.0,0.0,0.0,0.0,0.0,0.0,0.0,0.0,0.0,0.0,0.0,0.0,0.0,0.0,0.0,0.0,0.0,0.0,0.0,0.0,0.0,0.0,0.0,0.0,0.0,0.0,0.0,0.0,0.0,0.0,0.0,0.0,0.0,0.0,0.0,0.0,0.0,0.0,0.0,0.0,0.0,0.0,0.0,0.0,0.0,0.0,0.0,0.0,0.0,0.0,0.0,0.0,0.0,0.0,0.0,0.0,0.0,0.0,0.0,0.0,0.0,0.0,0.0,0.0,0.0,0.0,0.0,0.0,0.0,0.0,0.0,0.0,0.0,0.0,0.0,0.0,0.0,0.0,0.0,0.0,0.0,0.0,0.0,0.0,0.0,0.0,0.0,0.0,0.0,0.0,0.0,0.0,0.0,0.0,
CELRUSDT,3.753024022988504E-4,3.808434896551723E-4,8.023047471264365E-5,0.012103387586206903,0.01143702804597711,3.823908045976949E-9,1.801789770114942E-8,1.8002829885057468E-8,-6.58034482758652E-8,0.0,0.0,0.0,9.127106896551727E-7,4.4036666666666696E-8,0.0,-0.004180514482758629,2.1646022988505748E-7,1.0503511494252875E-6,0.0,0.0,1.947123793103448E-6,1.2314218390804596E-6,2.7565045977011514E-7,4.146248275862066E-4,1.104372068965517E-6,0.0,3.114401149425286E-9,0.0,0.0,0.0,7.684355862068962E-7,2.0765126321839078E-7,0.0,1.6351057471264368E-6,0.0,2.969470689655173E-6,3.071787701149427E-5,3.0732189655172436E-5,8.796548620689654E-5,0.002073089770114943,0.0020564147126436775,2.109039080459764E-6,2.716605172413793E-6,0.0,0.0,0.0,0.0,8.080837931034483E-7,2.8545287356321855E-5,3.1215459770114934E-8,0.0,0.0,1.8613678160919538E-7,2.794016091954024E-6,0.0,3.853368965517243E-7,5.090954022988515E-7,0.0,2.974783103448275E-8,1.8111404597701147E-5,0.0,6.21197586206897E-8,5.558427586206894E-6,2.697826436781609E-7,0.0,0.0,0.0,1.0702224482758618E-4,-6.094252873563296E-10,0.0,7.198598850574714E-5,0.0,4.5704178965517235E-4,4.554340034482759E-4,0.0,5.780187126436781E-6,1.3087696551724145E-5,3.615765517241376E-4,3.6166241379310347E-4,2.5970614942528736E-6,0.0,0.0,2.441809195402299E-7,4.208598850574712E-8,4.624733333333332E-7,2.7177540229885062E-8,1.727629885057471E-7,0.0,3.6452528735632148E-6,2.604581609195411E-6,0.0,0.0,1.0301880459770112E-4,1.0359763218390812E-4,-1.0375678160919535E-7,0.0,-4.6311264367816674E-7,0.0,7.435103448275858E-6,0.0,1.2294381609195396E-5,2.7249977011494253E-7,-7.2978747126436805E-6,1.3995629885057472E-5,0.0,0.0,0.0,-4.992988505746481E-8,3.6264816091954027E-7,6.960190804597692E-6,0.0,8.660670114942525E-5,0.0,5.090642298850573E-6,4.92802206896552E-4,0.0,7.221947471264367E-5,0.0,0.0,0.0,2.52667356321839E-7,0.0,6.330861149425287E-7,0.0,0.0,4.774984712643676E-4,0.0,0.0,5.674183908045977E-8,0.0,5.710511494252873E-7,0.0,1.833733333333333E-6,0.0,0.0,0.0,1.1922490804597705E-7,2.8808965517241436E-8,3.961495057471265E-6,3.719844712643678E-5,0.0,1.0177570229885055E-7,0.0,3.251205747126436E-7,3.2526574712643685E-7,-5.846551724138695E-8,0.0,0.0,0.0,0.0,-5.300804597700769E-8,0.0,1.6535064482758617E-6,-1.4814252873563145E-8,0.0,2.9582413793103467E-6,1.4344671264367822E-5,0.0,4.715988505747126E-10,4.84629885057471E-10,0.0,2.432457471264367E-6,1.5368388505747127E-5,0.0,4.686181149425286E-6,7.890593103448279E-4,3.6069517241379323E-6,3.6287808045977E-6,6.798771954022987E-5,0.0,0.0,0.0,9.471341379310343E-4,9.745985057471263E-4,0.0013547885632183905,2.754590804597701E-7,1.2218920689655165E-5,
CHRUSDT,0.002051415206896551,0.0020931789172413786,2.6158266551724136E-4,0.20366681448275847,0.20380357724137943,-9.939034482758632E-8,7.43687275862069E-8,7.452614482758622E-8,-1.2241034482758968E-7,0.0,0.0,9.127106896551727E-7,0.0,8.647175862068964E-7,0.0,-0.08622098482758613,1.505039310344827E-6,4.3057189655172426E-6,0.0,0.0,9.019964482758622E-6,4.319196551724141E-6,3.2439203448275873E-6,0.0035262813793103436,7.452285172413792E-6,0.0,1.2013789655172408E-8,0.0,0.0,0.0,3.4085102068965522E-6,9.802482379310344E-7,0.0,9.55283448275862E-6,0.0,1.8883739655172423E-5,1.8153911379310359E-4,1.8310877586206906E-4,5.698197689655171E-4,0.013266910689655166,0.013209661379310338,1.3487600000000001E-5,1.4447701724137933E-5,0.0,0.0,0.0,0.0,2.841906551724137E-6,1.9312413793103465E-4,1.4322224137931034E-7,0.0,0.0,1.228489655172414E-6,3.115332413793101E-5,0.0,2.8305451724137936E-6,1.4756251724137932E-5,0.0,1.3386042413793102E-7,8.46171448275862E-5,0.0,3.5863031034482774E-7,2.8500972413793095E-5,1.264811034482759E-6,0.0,0.0,0.0,5.151791137931035E-4,9.433448275862077E-9,0.0,2.479524482758621E-4,0.0,0.002267954610344827,0.002266036734482759,0.0,2.834806482758621E-5,1.0343977931034486E-4,0.002314550344827586,0.002345245862068966,1.3111898275862068E-5,0.0,0.0,1.5830979310344835E-6,2.376196896551724E-7,1.9810268965517246E-6,2.085253793103448E-7,9.916889655172416E-7,0.0,2.378248275862067E-5,7.884826206896554E-5,0.0,0.0,8.10050551724138E-4,8.17249103448276E-4,6.553089655172407E-7,0.0,-2.9935062068965507E-5,0.0,3.0871517241379295E-5,0.0,9.266383448275861E-5,1.0984475862068962E-6,-4.8990382758620694E-5,8.04957517241379E-5,0.0,0.0,0.0,-1.1551379310339619E-7,3.021541034482759E-6,-8.286694482758621E-5,0.0,4.614907931034483E-4,0.0,1.3336751034482752E-5,0.002095425241379311,0.0,3.378371827586207E-4,0.0,0.0,0.0,2.146212413793104E-6,0.0,2.9547797241379306E-6,0.0,0.0,0.0020689623103448277,0.0,0.0,3.773503448275863E-7,0.0,3.3519879310344833E-6,0.0,1.3424613793103451E-5,0.0,0.0,0.0,8.550557586206896E-7,4.0735931034482743E-7,2.4244719655172423E-5,1.3389289310344828E-4,0.0,5.896084172413793E-7,0.0,1.5102065517241383E-6,1.5134041379310343E-6,-1.222931034483057E-7,0.0,0.0,0.0,0.0,-9.536896551722756E-8,0.0,7.447430724137931E-6,3.313089655172416E-7,0.0,2.4420724137931032E-5,1.273511172413793E-4,0.0,3.192796551724138E-9,3.2456482758620667E-9,0.0,7.798868965517242E-6,7.802068275862072E-5,0.0,2.3657246896551727E-5,0.00455325379310345,2.0655927586206912E-5,2.0680569999999994E-5,4.908362620689654E-4,0.0,0.0,0.0,0.005179312758620689,0.00534146793103448,0.006263621551724137,2.779418620689656E-6,4.9543520689655166E-5,
CHZUSDT,1.3366015632183925E-4,1.4247948965517225E-4,-1.292397471264368E-4,0.10098449965517244,0.10367912367816096,4.003588505747123E-7,-6.266704597701153E-9,-6.120698850574711E-9,2.4323448275863097E-7,0.0,0.0,4.4036666666666696E-8,8.647175862068964E-7,0.0,0.0,-0.06666672448275862,2.971525287356322E-7,-1.9193908045976995E-8,0.0,0.0,3.323458620689656E-7,-1.340677011494252E-6,1.301814712643678E-6,0.001217518620689655,2.1104231034482767E-6,0.0,5.717816091954011E-10,0.0,0.0,0.0,-6.956820689655167E-8,-3.028695632183911E-8,0.0,6.016218390804596E-7,0.0,1.4541379310344836E-6,3.752517471264371E-5,3.8655499999999996E-5,1.6089520689655174E-4,0.0016716378160919541,0.0017511328735632175,-3.744425287356312E-7,-2.366724137930955E-8,0.0,0.0,0.0,0.0,-7.031137931034484E-7,3.454695402298853E-5,3.0625057471264356E-8,0.0,0.0,3.9617632183908057E-7,1.5772108045977016E-5,0.0,1.5132241379310342E-6,1.213678735632184E-5,0.0,3.00426206896552E-9,-2.333625287356322E-6,0.0,1.055740689655172E-7,-1.879000000000002E-6,-1.3024954022988493E-8,0.0,0.0,0.0,-8.255918965517238E-5,5.981080459770111E-9,0.0,-8.860133333333335E-5,0.0,-2.613442103448274E-4,-2.6002629310344826E-4,0.0,-5.226278160919532E-7,3.321364827586207E-5,5.232506896551722E-4,5.499224137931032E-4,2.958285057471268E-7,0.0,0.0,6.462197701149427E-7,2.8532390804597694E-8,-1.8499885057471417E-8,5.3188597701149404E-8,1.458294252873564E-7,0.0,5.676529885057468E-6,5.778515977011495E-5,0.0,0.0,1.274007816091954E-4,1.360034712643679E-4,2.524923333333332E-6,0.0,-3.509038735632185E-5,0.0,1.6657786206896552E-5,0.0,1.4038697701149411E-5,-7.590356321839084E-8,-2.3214211494252878E-5,-1.1766988505747184E-6,0.0,0.0,0.0,2.1346091954024567E-7,1.1566966666666667E-6,-1.3454735977011498E-4,0.0,-1.2913908045976808E-6,0.0,-9.54042057471265E-6,-9.005072413793112E-5,0.0,-3.046704712643678E-5,0.0,0.0,0.0,7.729305747126442E-7,0.0,-2.4907221839080453E-7,0.0,0.0,-9.913836781609193E-5,0.0,0.0,1.1720733333333333E-7,0.0,3.534750574712646E-7,0.0,4.199318390804597E-6,0.0,0.0,0.0,3.2072250574712643E-7,3.4067241379310353E-7,2.8925011494252847E-6,-4.046071609195399E-5,0.0,1.4036197701149428E-7,0.0,-1.950202298850574E-7,-1.897047126436783E-7,2.2424137931035886E-7,0.0,0.0,0.0,0.0,2.8015977011495137E-7,0.0,-1.036620068965517E-6,8.605728735632183E-7,0.0,1.2084844827586208E-5,2.537330804597702E-5,0.0,1.0331183908045975E-9,1.038321839080459E-9,0.0,-2.8829454022988524E-6,5.278759770114944E-6,0.0,-8.364252873563146E-8,3.2094827586207027E-4,2.6808741379310333E-6,2.7197398850574705E-6,8.330089770114946E-5,0.0,0.0,0.0,5.4921379310344817E-5,6.698632183908059E-5,-5.386264252873563E-4,6.845978160919542E-7,-8.480627586206895E-6,
CKBUSDT,0.0,0.0,0.0,0.0,0.0,0.0,0.0,0.0,0.0,0.0,0.0,0.0,0.0,0.0,0.0,0.0,0.0,0.0,0.0,0.0,0.0,0.0,0.0,0.0,0.0,0.0,0.0,0.0,0.0,0.0,0.0,0.0,0.0,0.0,0.0,0.0,0.0,0.0,0.0,0.0,0.0,0.0,0.0,0.0,0.0,0.0,0.0,0.0,0.0,0.0,0.0,0.0,0.0,0.0,0.0,0.0,0.0,0.0,0.0,0.0,0.0,0.0,0.0,0.0,0.0,0.0,0.0,0.0,0.0,0.0,0.0,0.0,0.0,0.0,0.0,0.0,0.0,0.0,0.0,0.0,0.0,0.0,0.0,0.0,0.0,0.0,0.0,0.0,0.0,0.0,0.0,0.0,0.0,0.0,0.0,0.0,0.0,0.0,0.0,0.0,0.0,0.0,0.0,0.0,0.0,0.0,0.0,0.0,0.0,0.0,0.0,0.0,0.0,0.0,0.0,0.0,0.0,0.0,0.0,0.0,0.0,0.0,0.0,0.0,0.0,0.0,0.0,0.0,0.0,0.0,0.0,0.0,0.0,0.0,0.0,0.0,0.0,0.0,0.0,0.0,0.0,0.0,0.0,0.0,0.0,0.0,0.0,0.0,0.0,0.0,0.0,0.0,0.0,0.0,0.0,0.0,0.0,0.0,0.0,0.0,0.0,0.0,0.0,0.0,0.0,0.0,0.0,0.0,0.0,0.0,0.0,0.0,0.0,0.0,0.0,0.0,0.0,
COMPUSDT,-2.963295827586219,-4.044951179310332,12.69055653103448,-9308.860318620706,-9547.289461379312,-0.01568706413793103,9.335090620689656E-4,9.183080206896552E-4,-0.0239697310344849,0.0,0.0,-0.004180514482758629,-0.08622098482758613,-0.06666672448275862,0.0,0.0,-0.03114785448275862,0.037659568965517254,0.0,0.0,0.04384039172413795,0.2770537793103448,-0.13602337172413795,-90.46861448275853,-0.23067740137931037,0.0,-7.300747586206888E-5,0.0,0.0,0.0,0.020399595793103454,0.00993678159310345,0.0,-0.04946818620689656,0.0,-0.17665466896551718,-2.883426365517242,-2.987868655172412,-11.940088331034481,-83.95367999999993,-90.93598482758617,0.07453624827586151,0.011156710344827592,0.0,0.0,0.0,0.0,0.05198323172413793,-2.524682068965523,0.0017319137931034471,0.0,0.0,-0.036273393103448286,-1.6288257862068976,0.0,-0.15099861793103456,-1.1571734344827584,0.0,3.475769448275862E-4,0.3693526413793102,0.0,-0.00537104958620689,0.22856408965517258,-0.0013636148275862122,0.0,0.0,0.0,10.151273358620687,4.977986206896549E-4,0.0,6.328432689655171,0.0,35.028235848275855,34.83645218620691,0.0,0.015208687586206837,-3.0202808689655187,-35.20981448275858,-38.139536551724106,0.06184254482758619,0.0,0.0,-0.05385453379310344,-0.002906338689655173,0.02091067034482758,-0.0058093648965517235,-0.011818029655172419,0.0,-0.44801789655172397,-5.492536075862069,0.0,0.0,-8.065004551724138,-9.136456137931038,-0.2514180627586207,0.0,3.640002641379311,0.0,-1.2179580689655176,0.0,-1.06294508275862,0.008929015172413794,2.962209489655172,1.0068007724137942,0.0,0.0,0.0,-0.01907266206896764,-0.10790982689655174,16.234298820689656,0.0,1.9363770344827584,0.0,1.1249295496551723,11.691864344827577,0.0,4.257087806896553,0.0,0.0,0.0,-0.07112954896551728,0.0,0.04154749641379309,0.0,0.0,21.136595034482763,0.0,0.0,-0.010984514827586205,0.0,-0.022255589655172412,0.0,-0.34321933103448266,0.0,0.0,0.0,-0.03160171634482759,-0.033571182068965526,-0.09490030482758587,4.931553903448275,0.0,-0.016481789662068966,0.0,0.02436012827586206,0.024099850344827582,-0.020754655172415624,0.0,0.0,0.0,0.0,-0.02525436551724296,0.0,0.1301357464827586,-0.07711172137931034,0.0,-1.1720495172413794,-2.4360040275862067,0.0,-9.774735172413792E-5,-9.8847848275862E-5,0.0,0.28540261034482767,-0.19152508965517287,0.0,0.08524618551724127,-11.303407586207035,-0.1707917896551724,-0.17225572965517233,-6.839098731034481,0.0,0.0,0.0,45.17485379310348,43.73740206896555,88.07356517241381,-0.0680159648275862,0.9546258206896548,
COSUSDT,4.4026257471264354E-4,4.504784068965517E-4,3.4675967816091946E-5,0.0472383503448276,0.04783011908045983,6.277494252873555E-8,1.5056349425287353E-8,1.511097471264368E-8,4.9924137931032415E-8,0.0,0.0,2.1646022988505748E-7,1.505039310344827E-6,2.971525287356322E-7,0.0,-0.03114785448275862,0.0,9.847252873563222E-7,0.0,0.0,2.0955089655172414E-6,7.2168735632184E-7,8.311190804597704E-7,8.636199999999998E-4,2.2919399999999994E-6,0.0,2.82574252873563E-9,0.0,0.0,0.0,7.774026896551723E-7,1.4353536321839084E-7,0.0,2.6933885057471263E-6,0.0,3.911755172413794E-6,4.1696818390804616E-5,4.197965517241381E-5,1.3463177241379307E-4,0.0025824590804597687,0.0025934002298850563,2.602777011494248E-6,3.253020689655172E-6,0.0,0.0,0.0,0.0,5.385351724137928E-7,4.189425287356325E-5,2.662218390804598E-8,0.0,0.0,3.540885057471263E-7,8.869029885057471E-6,0.0,8.629234482758618E-7,5.008519540229886E-6,0.0,2.846466896551724E-8,1.727282528735632E-5,0.0,1.1005282758620692E-7,4.82450344827586E-6,2.8306747126436776E-7,0.0,0.0,0.0,1.0838053103448276E-4,1.161574712643678E-8,0.0,4.134050574712641E-5,0.0,4.6490388275862067E-4,4.6434887586206897E-4,0.0,7.067141609195402E-6,2.528478620689656E-5,5.124958620689652E-4,5.216600000000001E-4,2.6160632183908058E-6,0.0,0.0,5.293581609195403E-7,6.45642988505747E-8,4.897519540229885E-7,6.330705747126435E-8,2.4177609195402305E-7,0.0,5.6811494252873514E-6,2.5392464367816095E-5,0.0,0.0,1.7140970114942525E-4,1.691470804597702E-4,7.66769425287356E-7,0.0,-1.4994622988505746E-5,0.0,9.282275862068964E-6,0.0,1.710211264367816E-5,2.1146459770114935E-7,-1.7092119540229883E-5,1.9920657471264368E-5,0.0,0.0,0.0,4.610804597702357E-8,9.102029885057469E-7,-4.1837512643678165E-5,0.0,9.956921839080461E-5,0.0,1.0429071264367798E-6,4.89530551724138E-4,0.0,7.210634712643678E-5,0.0,0.0,0.0,5.474314942528738E-7,0.0,5.206141149425288E-7,0.0,0.0,4.5429526436781617E-4,0.0,0.0,1.0106528735632189E-7,0.0,7.417321839080461E-7,0.0,3.02572643678161E-6,0.0,0.0,0.0,2.4676101149425276E-7,1.628441379310343E-7,4.760145747126436E-6,2.386909885057471E-5,0.0,1.8001411954022983E-7,0.0,2.3257885057471264E-7,2.3370436781609194E-7,4.5620689655168244E-8,0.0,0.0,0.0,0.0,5.658850574712916E-8,0.0,1.3209302758620694E-6,2.7048091954022975E-7,0.0,7.083620689655171E-6,3.349930574712645E-5,0.0,7.766022988505745E-10,7.813816091954019E-10,0.0,1.3149264367816078E-6,1.793996781609196E-5,0.0,4.989048735632184E-6,9.5848551724138E-4,4.414496551724141E-6,4.441061149425287E-6,1.2564656781609193E-4,0.0,0.0,0.0,0.0011779296551724142,0.001203952643678161,0.0011322366666666668,5.371949425287355E-7,8.455613793103443E-6,
