 ,BNBUSDC,BNBUSDT,BNTUSDT,BTCUSDC,BTCUSDT,BTSUSDT,BTTUSDC,BTTUSDT,BUSDUSDT,BZRXUSDT,CELOUSDT,CELRUSDT,CHRUSDT,CHZUSDT,CKBUSDT,COMPUSDT,COSUSDT,COTIUSDT,CRVUSDT,CTKUSDT,CTSIUSDT,CTXCUSDT,CVCUSDT,DASHUSDT,DATAUSDT,DCRUSDT,DENTUSDT,DGBUSDT,DIAUSDT,DNTUSDT,DOCKUSDT,DOGEUSDT,DOTUSDT,DUSKUSDT,EGLDUSDT,ENJUSDT,EOSUSDC,EOSUSDT,ETCUSDT,ETHUSDC,ETHUSDT,EURUSDT,FETUSDT,FILUSDT,FIOUSDT,FIROUSDT,FLMUSDT,FTMUSDT,FTTUSDT,FUNUSDT,GBPUSDT,GRTUSDT,GTOUSDT,GXSUSDT,HARDUSDT,HBARUSDT,HIVEUSDT,HNTUSDT,HOTUSDT,ICXUSDT,INJUSDT,IOSTUSDT,IOTAUSDT,IOTXUSDT,IRISUSDT,JSTUSDT,JUVUSDT,KAVAUSDT,KEYUSDT,KMDUSDT,KNCUSDT,KSMUSDT,LINKUSDC,LINKUSDT,LITUSDT,LRCUSDT,LSKUSDT,LTCUSDC,LTCUSDT,LTOUSDT,LUNAUSDT,MANAUSDT,MATICUSDT,MBLUSDT,MDTUSDT,MFTUSDT,MITHUSDT,MKRUSDT,MTLUSDT,NANOUSDT,NBSUSDT,NEARUSDT,NEOUSDC,NEOUSDT,NKNUSDT,NMRUSDT,NULSUSDT,OCEANUSDT,OGNUSDT,OGUSDT,OMGUSDT,ONEUSDT,ONGUSDT,ONTUSDT,ORNUSDT,OXTUSDT,PAXGUSDT,PAXUSDT,PERLUSDT,PNTUSDT,PSGUSDT,QTUMUSDT,REEFUSDT,RENUSDT,REPUSDT,RIFUSDT,RLCUSDT,ROSEUSDT,RSRUSDT,RUNEUSDT,RVNUSDT,SANDUSDT,SCUSDT,SFPUSDT,SKLUSDT,SNXUSDT,SOLUSDT,SRMUSDT,STMXUSDT,STORJUSDT,STPTUSDT,STRAXUSDT,STXUSDT,SUSDUSDT,SUSHIUSDT,SXPUSDT,TCTUSDT,TFUELUSDT,THETAUSDT,TOMOUSDT,TRBUSDT,TROYUSDT,TRUUSDT,TRXUSDC,TRXUSDT,TUSDUSDT,TWTUSDT,UMAUSDT,UNFIUSDT,UNIUSDT,USDCUSDT,UTKUSDT,VETUSDT,VITEUSDT,VTHOUSDT,WANUSDT,WAVESUSDT,WINGUSDT,WINUSDC,WINUSDT,WNXMUSDT,WRXUSDT,WTCUSDT,XEMUSDT,XLMUSDT,XMRUSDT,XRPUSDC,XRPUSDT,XTZUSDT,XVSUSDT,YFIIUSDT,YFIUSDT,ZECUSDC,ZECUSDT,ZENUSDT,ZILUSDT,ZRXUSDT,
BNBUSDC,0.0,3.544371444551724,0.3660380895172413,1732.422289786207,1725.3229699172412,0.0013625223862068964,1.2071446206896673E-6,1.2321954482758617E-6,-7.834482758620509E-4,0.0,0.0,0.0015798420620689656,0.014024230524137928,6.906544337931034E-4,0.0,-27.200843772413794,-9.315536068965518E-4,0.009709951462068963,0.0,0.0,0.010534614013793102,-0.003807916137931037,9.190184827586142E-5,14.526550979310343,-0.00484516107586207,11.542038551034484,2.8297403310344814E-5,0.017983413737931032,0.0,0.0,0.0038148866048275856,-6.809888889655169E-5,0.0,0.01485093137931034,0.0,-0.00598697692413793,0.38662191593103434,0.3859380182068966,0.7838134343448276,110.27130290344824,110.09132577931037,0.03567947337931037,0.025968617531034483,0.0,0.0,0.0,0.0,0.0016987500206896548,0.38225290896551717,5.923810986206896E-4,0.8705612238620688,0.0,2.531985241379306E-4,0.007609256275862072,0.0,0.0024248553862068955,0.004045643172413794,0.0,4.1295579724137954E-5,-0.012381116344827584,0.0,-4.0253540206896545E-4,0.0413793552413793,5.667048496551722E-4,0.0,0.0,0.0,0.5380027193103448,9.513112896551721E-5,0.0,-0.12645506,0.0,1.2768206320689652,1.2837454218620683,0.0,0.0042756114413793084,0.06226266537931035,11.781522751724138,11.763016724137932,0.002102396537931033,0.0,0.007153953144827583,-4.373425517241378E-4,9.903274689655176E-5,-2.5436379310344993E-5,3.637939868965518E-4,0.0014528459724137935,466.7629689862068,-0.002943772758620687,-0.01799752972413794,0.0,0.0,1.445112264827586,1.4377021737931035,6.013965931034481E-4,0.0,-0.026256781310344816,0.0,-0.009157425448275852,0.0,0.02810370158620686,0.0020761262758620695,-0.014445895517241384,0.002232655172413801,0.0,0.0,0.0,-7.95641793103437E-4,0.03543311942758621,0.3275361654482758,0.0,0.32364884827586204,0.0,0.01796918331034483,0.6957725510344825,0.0,-0.04851421462068969,0.0,0.0,0.0,9.53166827586207E-4,0.0,-2.2437257862068953E-4,0.0,0.0,0.9654264779310345,0.0,0.0,3.92086351724138E-4,0.13434445537931033,7.35775275862068E-4,0.0,0.026020781862068958,0.0,0.0,1.2152182406896548,-2.217551310344822E-5,1.295806372413793E-4,0.043031408944827584,0.15060350737931033,0.0,0.001521113792275862,0.0,0.001805194117241379,0.0017823172344827575,-8.370708275861762E-4,0.0,0.0,0.0,0.0,-7.768282068965361E-4,0.0,-2.1792283655172427E-4,0.00826223095862069,8.650151510344829E-4,0.0272650348275862,0.21045791958620685,0.0,3.8211601379310345E-6,3.7514355862068957E-6,0.0,-0.010192491013793104,-0.005040048896551717,0.0,0.007541015213793104,15.761577717241378,0.0709042963586207,0.07060583930344827,0.13787747896551714,0.0,0.0,0.0,21.989349889655166,21.83212313103448,1.145811532413793,-2.6481996551724185E-4,-0.015095356827586205,
BNBUSDT,3.544371444551724,0.0,0.366164948367816,1721.1652510390804,1714.229553905747,0.001353099811494253,1.2987643908046097E-6,1.3277679770114942E-6,-7.666842528735456E-4,0.0,0.0,0.0015609483379310349,0.013835554409195408,6.914324211494252E-4,0.0,-27.02866654252874,-9.278840666666664E-4,0.009617050255172416,0.0,0.0,0.01048830764597701,-0.003816702459770116,7.653327356321792E-5,14.474869002298847,-0.004799658650574714,11.52450794528736,2.8392754574712635E-5,0.01780742241609196,0.0,0.0,0.003801065517471264,-6.767106786206907E-5,0.0,0.014782536321839079,0.0,-0.005947501383908045,0.3839192006436781,0.3832583064827587,0.7779561034252874,109.66305677701148,109.48736812413793,0.03539210993103452,0.025820365714942527,0.0,0.0,0.0,0.0,0.0016782808942528732,0.38021406873563207,5.858189825287358E-4,0.8611639301839081,0.0,2.490480183908044E-4,0.007485683287356323,0.0,0.002413973662068965,0.004010056965517242,0.0,4.0960146275862084E-5,-0.01233575140229885,0.0,-4.009233767816092E-4,0.04112834018390804,5.608898691954024E-4,0.0,0.0,0.0,0.5324607086206898,9.272081517241384E-5,0.0,-0.12563630712643678,0.0,1.2760630562068964,1.2831347970344826,0.0,0.004297905314942529,0.06185251445977013,11.708213096551724,11.690807540229885,0.002079969744827585,0.0,0.0072000607080459755,-4.2975209195402267E-4,9.945810896551726E-5,-2.5434310344827332E-5,3.561569627586209E-4,0.0014290296160919544,463.3179416298852,-0.0030081763218390793,-0.01763317604597704,0.0,0.0,1.4367781245977012,1.4294718600000003,5.954353632183912E-4,0.0,-0.025954455333333324,0.0,-0.009371364643678156,0.0,0.027418848137930992,0.0020541434367816096,-0.014330312183908048,0.0021080782758620877,0.0,0.0,0.0,-7.781288045976899E-4,0.0351929593586207,0.32441936809195404,0.0,0.3217776609195403,0.0,0.01803714010344827,0.6798883579310351,0.0,-0.04880164622988507,0.0,0.0,0.0,9.54986298850575E-4,0.0,-2.2212439011494241E-4,0.0,0.0,0.9610345917241381,0.0,0.0,3.883122781609196E-4,0.1341489108965517,7.319418045977012E-4,0.0,0.02589562347126436,0.0,0.0,1.2033009337931038,-2.3906577471264063E-5,1.3027680390804587E-4,0.04283658745057471,0.14872557611494258,0.0,0.0015029463984827585,0.0,0.0017935931977011489,0.0017709770390804593,-8.199837011493956E-4,0.0,0.0,0.0,0.0,-7.599976321838929E-4,0.0,-2.0714647678160905E-4,0.008202753395402298,8.525666188505749E-4,0.026981311724137928,0.20858949832183904,0.0,3.787905770114944E-6,3.718793977011494E-6,0.0,-0.010126485209195402,-0.005286536712643677,0.0,0.00750377944367816,15.684518970114938,0.07066018258850573,0.07036414947586206,0.13774895816091948,0.0,0.0,0.0,21.903397475862064,21.747557464367816,1.1362345128735636,-2.548771724137935E-4,-0.014957622000000002,
BNTUSDT,0.3660380895172413,0.366164948367816,0.0,172.003224145977,171.87388605057464,1.0642056666666673E-4,7.514069080459778E-7,7.687657701149419E-7,-2.172477011494058E-5,0.0,0.0,9.259103103448274E-5,3.779191988505745E-4,1.1443009735632183E-4,0.0,-2.2097840873563217,-1.1608764252873561E-4,6.37694420689655E-4,0.0,0.0,0.0014037663114942528,-4.7265870114942583E-4,-3.543249540229885E-5,1.84759921954023,-3.129648712643678E-4,1.5995676697701149,5.8289430919540225E-6,0.0011241072367816091,0.0,0.0,5.172164167816093E-4,1.840599382758621E-5,0.0,0.0019863420114942525,0.0,4.440374747126442E-4,0.03709573629885056,0.03706908324137931,0.0626287533218391,11.139912928735631,11.143408648275862,0.0028564041034482793,0.003226652828735632,0.0,0.0,0.0,0.0,1.9962576321839082E-4,0.04060154011494252,1.9762655632183874E-5,0.04879682670114942,0.0,-1.599536436781609E-5,0.0011264673908045976,0.0,2.2240919310344804E-4,1.9252710344827537E-4,0.0,3.2853436551724146E-6,-5.301789195402298E-4,0.0,-3.925036195402297E-5,0.004277924114942527,-1.4215090804598042E-6,0.0,0.0,0.0,0.07015611913793104,3.675173103448273E-6,0.0,-0.002892571954022988,0.0,0.20750136258620688,0.20975378110344825,0.0,0.001431236801149425,0.008170512632183904,1.129703651724138,1.129906591954023,4.250768551724134E-4,0.0,0.001778313170114942,2.2014132183908126E-5,1.0252238965517245E-5,-8.275517241379291E-6,1.474272103448276E-5,4.504649195402299E-5,28.44232742988505,-4.674921839080459E-4,0.002476274678160913,0.0,0.0,0.15175847321839078,0.1524968144827586,4.674139425287352E-5,0.0,-4.222193333333324E-4,0.0,-8.261038160919536E-4,0.0,0.0013780254482758565,1.5315050574712642E-4,-0.0010074630459770114,0.0010894175862068982,0.0,0.0,0.0,-1.9104632183907124E-5,0.0031488618344827587,0.02053037140229884,0.0,0.04183255402298851,0.0,0.004709148310344828,-0.014570552068965518,0.0,0.008238706252873563,0.0,0.0,0.0,1.8521405747126433E-4,0.0,-6.4795232183907885E-6,0.0,0.0,0.11538303034482758,0.0,0.0,2.463512816091954E-5,0.018695427344827584,3.619940804597698E-5,0.0,0.003026330816091953,0.0,0.0,0.06972286517241379,-1.6773938160919505E-5,4.599622666666666E-5,0.005957953305747127,0.007006671908045974,0.0,7.988944941379308E-5,0.0,1.8645258735632182E-4,1.85417732183908E-4,-2.0389494252872646E-5,0.0,0.0,0.0,0.0,-1.8882149425285557E-5,0.0,1.1106372770114942E-4,7.079225195402297E-4,3.721029160919539E-5,0.0012500679310344812,0.021939784390804597,0.0,2.1615070114942507E-7,2.1056618390804585E-7,0.0,-6.652326505747122E-4,-0.0012749945057471267,0.0,0.0010137857333333334,1.7482780597701146,0.008719733995402299,0.008697615237931033,0.019927532816091942,0.0,0.0,0.0,2.7436098931034483,2.736520364367816,0.08673222597701144,5.761832758620686E-5,4.361414137931033E-4,
BTCUSDC,1732.422289786207,1721.1652510390804,172.003224145977,0.0,977608.7680163215,0.7805110791954022,-9.385846632183868E-4,-9.792376597701157E-4,-0.4512745574712553,0.0,0.0,0.8479318748275863,7.267303853908048,0.37521340254022983,0.0,-14953.83536643678,-0.5904347709195402,4.4632175572413795,0.0,0.0,4.8027727991954015,-2.5209747022988527,-0.13448859804597715,7651.388180804596,-2.7440272211494245,6061.011622885057,0.013764224801149427,9.212785613563218,0.0,0.0,1.8785003085977012,-0.016605522748275946,0.0,7.091065247126438,0.0,-4.228566090919541,224.09454945287348,223.3300498344828,470.45845170919546,56974.31630505746,56854.7803737931,19.42643092068967,13.923480416436782,0.0,0.0,0.0,0.0,0.7139608105747125,209.1970195057471,0.3176567400229885,452.4408088954023,0.0,0.027007524022988453,6.00213468850575,0.0,1.2405353372413785,2.4831306482758633,0.0,0.02081935916551725,-9.283521963218389,0.0,-0.21041037904597704,21.83527674022988,0.23260404739080465,0.0,0.0,0.0,234.13711163793107,0.03354414296551727,0.0,-73.2291406666667,0.0,510.4635541896552,513.5603864689655,0.0,-0.24549761252873417,29.19817874367816,6625.550536896551,6603.869585632185,0.004876615172412737,0.0,3.4050314981609193,-0.3145191718390803,0.057531682034482765,-0.11925772413793094,0.16104664906896554,0.6177117280459773,240933.72549563218,-2.836881436781608,-14.849768240229901,0.0,0.0,754.5071946091954,751.2526622758621,0.16031567574712624,0.0,-15.410423225287355,0.0,-5.925448121839079,0.0,12.824929875862045,1.171674008045977,-7.817787764367819,-0.8189762413793009,0.0,0.0,0.0,-0.4701525160919477,18.65007110896552,163.4441996045977,0.0,150.07134839080462,0.0,6.644032737931034,194.5596188620688,0.0,-29.840742204597706,0.0,0.0,0.0,0.36863244597701167,0.0,-0.1107578161609195,0.0,0.0,435.16364393103447,0.0,0.0,0.2297143995977011,70.76067061724137,0.0910720557471263,0.0,11.345231739080457,0.0,0.0,595.2290095517241,-0.08082755363218383,0.022206536850574637,19.792541934252874,66.24702066436781,0.0,0.8144379656172415,0.0,0.9610531991954021,0.9460552598850571,-0.46730125057469624,0.0,0.0,0.0,0.0,-0.44932049540229285,0.0,-0.2717727628390806,4.360431488045977,0.43230513966666667,11.50412396551724,99.58601323678161,0.0,0.0018879483367816095,0.0018382944988505733,0.0,-5.705448161839079,-7.366545949425286,0.0,3.2778009177011493,8212.275247816093,36.36384832735633,36.22739478172413,35.12287089080461,0.0,0.0,0.0,11163.282647241376,11069.977403563216,496.66651078160925,-0.2231001706896553,-8.321184368965515,
BTCUSDT,1725.3229699172412,1714.229553905747,171.87388605057464,977608.7680163215,0.0,0.7754013928735631,-9.083860160919489E-4,-9.474999747126426E-4,-0.4455407701149336,0.0,0.0,0.8415135289655171,7.19248237678161,0.3745080168045977,0.0,-14879.702801839077,-0.5891101625287354,4.428389200689654,0.0,0.0,4.780582012183906,-2.5273866459770122,-0.1384481581609197,7625.843934022986,-2.7281873112643678,6044.874993356321,0.013754984533333329,9.144139392643675,0.0,0.0,1.8706525965057472,-0.016377709186206946,0.0,7.047614045977008,0.0,-4.209928574942529,222.97060956091948,222.21331566896544,468.09787031494255,56731.137627356315,56613.501764827575,19.312643151724153,13.862208212183903,0.0,0.0,0.0,0.0,0.706908124597701,208.45343659770109,0.315035324183908,448.827850721839,0.0,0.024683665287356216,5.963498618390807,0.0,1.23390872275862,2.461816468965519,0.0,0.02065092095172414,-9.235862064367813,0.0,-0.2098047187816092,21.72216285977011,0.2302877051264367,0.0,0.0,0.0,232.36650986206894,0.03276237937931033,0.0,-72.92208064367816,0.0,510.51006075862045,513.6282805586204,0.0,-0.22719976988505763,29.047668625287347,6594.940339310346,6573.622974712642,-0.0021307489655185427,0.0,3.406963465287354,-0.3114350057471262,0.05734679717241381,-0.11933184482758605,0.15864633434482756,0.6084722905747125,239527.55741540226,-2.8667408045976983,-14.716346101149435,0.0,0.0,751.0484564597699,747.8657797241378,0.15771294459770122,0.0,-15.318468174712642,0.0,-5.982313105747124,0.0,12.567923372413766,1.1641675367816091,-7.779015149425287,-0.8429465517241311,0.0,0.0,0.0,-0.4638084459770051,18.549097455862064,162.11046134712643,0.0,149.48817954022985,0.0,6.671280520689653,188.1127163448274,0.0,-29.87005696091955,0.0,0.0,0.0,0.36954526091954043,0.0,-0.10993403611494247,0.0,0.0,433.36173855172405,0.0,0.0,0.2279994864367816,70.5704746137931,0.08926500459770106,0.0,11.284321202298848,0.0,0.0,590.5257349655171,-0.08190713485057459,0.023105614045976917,19.752237623678155,65.65398650114939,0.0,0.8077351317862069,0.0,0.9567007845977005,0.9418382335632178,-0.4609922597700986,0.0,0.0,0.0,0.0,-0.44315474942528144,0.0,-0.26772780947126434,4.337580276091954,0.4277533641609196,11.387398758620687,98.8208192321839,0.0,0.0018723045701149433,0.0018232465149425274,0.0,-5.677544199540228,-7.431576657471265,0.0,3.2687722836781603,8179.270792183908,36.24818226505747,36.11314409103448,35.15038943678157,0.0,0.0,0.0,11127.354708275858,11034.914396781609,493.5053657011494,-0.22030542413793103,-8.262059082758617,
BTSUSDT,0.0013625223862068964,0.001353099811494253,1.0642056666666673E-4,0.7805110791954022,0.7754013928735631,0.0,1.988126436781667E-10,1.0101609195402151E-10,-4.7286781609193996E-7,0.0,0.0,7.336906896551722E-7,7.800986321839076E-6,3.2997619540229884E-7,0.0,-0.010163582988505749,-4.3188540229885057E-7,4.497746206896551E-6,0.0,0.0,4.283636436781609E-6,-2.4817126436781904E-7,7.37578160919532E-8,0.006108469770114943,-3.3142018390804588E-6,0.005028935160919542,1.1282014942528741E-8,8.960747356321839E-6,0.0,0.0,1.441032666666667E-6,6.86278862068965E-8,0.0,3.9271781609195405E-6,0.0,-5.285230919540227E-6,1.9735015632183904E-4,1.9739916551724136E-4,4.3591130229885054E-4,0.04665026850574713,0.04652071931034482,1.5361596551724158E-5,9.099181264367818E-6,0.0,0.0,0.0,0.0,7.357147126436778E-7,1.5926474712643675E-4,3.4736216091954014E-7,4.4708108160919536E-4,0.0,1.8245643678160897E-7,4.805426436781607E-6,0.0,1.3824731034482755E-6,3.951799999999998E-6,0.0,2.2688420689655184E-8,-6.919542528735632E-6,0.0,-8.527394252873577E-8,2.0616650574712643E-5,2.794231839080458E-7,0.0,0.0,0.0,1.2618394827586214E-4,2.465151724137927E-8,0.0,-6.0835080459770116E-5,0.0,1.0708287931034517E-4,1.0710939310344863E-4,0.0,-4.0281139080459715E-6,2.7180785057471244E-5,0.005529973448275862,0.005513978735632185,1.0176675862068962E-6,0.0,1.7352236781609215E-6,-3.067063218390804E-7,4.9282103448275916E-8,-8.651724137931045E-8,1.175398965517241E-7,7.87443218390804E-7,0.21081753425287356,1.8980459770114697E-7,-1.0239840229885063E-5,0.0,0.0,6.420720574712642E-4,6.409097931034482E-4,5.615012643678156E-7,0.0,-2.300728735632185E-6,0.0,-3.0289356321839082E-6,0.0,2.631602068965514E-5,9.661252873563217E-7,-5.156419540229887E-6,-8.572034482758612E-6,0.0,0.0,0.0,-5.166678160919474E-7,1.541732206896552E-5,1.5659197011494249E-4,0.0,8.826114942528742E-5,0.0,2.2539896551724227E-6,4.972521724137928E-4,0.0,-8.2886232183908E-5,0.0,0.0,0.0,2.5766321839080466E-7,0.0,-7.929636781609192E-8,0.0,0.0,2.725750344827588E-4,0.0,0.0,2.0764201149425282E-7,5.873258965517244E-5,3.116040229885053E-7,0.0,1.0740318390804599E-5,0.0,0.0,5.958732068965518E-4,2.415926436781607E-8,1.512533333333324E-8,1.6354392183908046E-5,6.079231264367816E-5,0.0,6.724132103448274E-7,0.0,8.73946781609195E-7,8.577136781609191E-7,-5.457954022988295E-7,0.0,0.0,0.0,0.0,-4.992402298850461E-7,0.0,-2.4157394252873556E-7,3.7555004597701147E-6,3.5923780459770113E-7,1.207858620689655E-5,7.227791264367817E-5,0.0,2.5552264367816085E-9,2.5131678160919514E-9,0.0,-3.994878390804598E-6,-2.3116942528735706E-6,0.0,1.5302949425287369E-6,0.006306915402298852,2.823476114942529E-5,2.8091542413793113E-5,-1.8873350574712598E-5,0.0,0.0,0.0,0.008172459655172415,0.008081067701149426,4.246162298850576E-4,-6.722413793103607E-9,-4.528975862068965E-6,
BTTUSDC,1.2071446206896673E-6,1.2987643908046097E-6,7.514069080459778E-7,-9.385846632183868E-4,-9.083860160919489E-4,1.988126436781667E-10,0.0,2.2265595402298853E-10,2.353390804597564E-9,0.0,0.0,-6.038586206896509E-10,-2.6933129885057426E-8,1.8207026436781627E-9,0.0,3.321967356321834E-5,1.5284011494252834E-9,-2.8204551724137567E-9,0.0,0.0,2.687930919540236E-8,2.3139735632183916E-8,1.2998057471264335E-9,1.4368573563218437E-5,-2.05688735632186E-9,3.455406091954068E-6,1.594110459770116E-10,-2.046189195402292E-8,0.0,0.0,8.294514252873576E-9,-8.190303793103463E-10,0.0,2.152126436781636E-9,0.0,-7.623371264367856E-9,-1.3281664367815956E-7,-1.3621255172413624E-7,-6.505874597701125E-7,-2.889199770114902E-5,-2.8213924137930686E-5,-4.993686206896558E-8,-5.6651390804596806E-9,0.0,0.0,0.0,0.0,-1.6228666666666611E-9,1.2125402298851389E-8,-6.477287356321629E-11,-1.280347390804595E-6,0.0,1.992743678160923E-9,-6.673252873563201E-9,0.0,3.7094965517241445E-9,4.417358620689661E-8,0.0,1.558642758620691E-10,6.266478160919545E-8,0.0,7.229654022988515E-10,5.891402298850664E-9,8.180918390804623E-10,0.0,0.0,0.0,4.85697413793106E-7,-2.4060413793103384E-10,0.0,3.721443678160915E-7,0.0,9.830074137931073E-7,9.934378620689695E-7,0.0,-3.6987666666666498E-9,1.0989357471264371E-7,-4.556582758620661E-6,-4.703936781609164E-6,1.4689937931034506E-8,0.0,5.722289885057476E-8,2.5962126436781614E-9,8.570586206896634E-11,6.050172413793102E-9,-1.2634313793103425E-9,3.4609425287357184E-10,-4.93945878160918E-4,2.0605977011494203E-8,1.0609635632183931E-7,0.0,0.0,-1.0511114942528252E-7,-1.2685931034482002E-7,8.06912298850575E-9,0.0,1.0264967816091963E-7,0.0,2.2994160919540253E-8,0.0,-6.591441379310335E-8,-1.9918505747126375E-9,2.2151149425287423E-9,-6.66548275862068E-8,0.0,0.0,0.0,2.042908045976945E-9,-2.0575006896551614E-8,-4.436151954022977E-7,0.0,-7.622988505746142E-9,0.0,6.052075862068975E-8,-2.6791344827585204E-7,0.0,-3.770765977011499E-7,0.0,0.0,0.0,3.3928735632183946E-9,0.0,-2.453285057471271E-10,0.0,0.0,4.3070868965517265E-6,0.0,0.0,-3.155385057471259E-10,3.516920689655223E-8,6.817729885057478E-9,0.0,3.868883908045987E-8,0.0,0.0,-1.4499031034482717E-6,1.735320919540233E-9,1.622197471264369E-9,7.786803908045997E-8,-1.6449052873563167E-7,0.0,-2.338476655172409E-9,0.0,1.3934471264367897E-9,1.413026436781616E-9,1.233977011494158E-9,0.0,0.0,0.0,0.0,1.8535287356321074E-9,0.0,1.5030447126436793E-9,-1.6548643678160658E-9,-2.7206398850574684E-9,-2.5322068965517056E-8,-3.6193197701149343E-7,0.0,6.4030919540230194E-12,7.094505747126456E-12,0.0,2.6574754022988486E-8,3.4754160919540244E-8,0.0,5.428887356321854E-9,6.519457471264417E-6,8.371659770115211E-9,7.760348275862259E-9,7.552235632183942E-8,0.0,0.0,0.0,8.797382758620752E-6,8.839808045977089E-6,2.714326436781665E-7,4.210258620689656E-9,3.642065517241367E-8,
BTTUSDT,1.2321954482758617E-6,1.3277679770114942E-6,7.687657701149419E-7,-9.792376597701157E-4,-9.474999747126426E-4,1.0101609195402151E-10,2.2265595402298853E-10,0.0,2.4790804597699806E-9,0.0,0.0,-7.480275862068992E-10,-2.8224098850574756E-8,1.864013333333332E-9,0.0,3.425309425287358E-5,1.4937218390804591E-9,-3.348186206896571E-9,0.0,0.0,2.6295043678160917E-8,2.211452873563216E-8,1.1574850574712564E-9,1.4341170114942527E-5,-1.9153494252873475E-9,4.006196091954017E-6,1.5815714942528734E-10,-2.1569933333333364E-8,0.0,0.0,8.151196321839081E-9,-8.023859310344847E-10,0.0,1.5591954022988521E-9,0.0,-7.2091678160919286E-9,-1.4748788505747149E-7,-1.5019579310344802E-7,-6.791248045977007E-7,-2.8115156321839046E-5,-2.7402986206896566E-5,-5.108268965517257E-8,-6.2944045977011384E-9,0.0,0.0,0.0,0.0,-1.6226873563218491E-9,1.535540229885034E-8,-1.4108597701149497E-10,-1.3430753563218417E-6,0.0,1.8990505747126442E-9,-8.740183908045992E-9,0.0,3.6764413793103383E-9,4.2176137931034496E-8,0.0,1.5235820689655154E-10,6.254347126436784E-8,0.0,7.13207816091955E-10,4.938781609195301E-9,7.78530804597702E-10,0.0,0.0,0.0,4.4664862068965456E-7,-2.679496551724143E-10,0.0,3.715691954022989E-7,0.0,1.1308282758620695E-6,1.1397764137931042E-6,0.0,-2.3300045977011433E-9,1.0759657471264341E-7,-4.828096551724149E-6,-4.960988505747132E-6,1.4504565517241364E-8,0.0,5.63596367816092E-8,2.6492643678160933E-9,9.529103448275917E-11,5.949137931034481E-9,-1.323883448275863E-9,9.455632183907512E-11,-5.071886298850575E-4,1.97535632183907E-8,1.1009190804597713E-7,0.0,0.0,-1.0174528735632197E-7,-1.1792551724137674E-7,7.884981609195396E-9,0.0,1.024270574712644E-7,0.0,2.023222988505734E-8,0.0,-7.144813793103478E-8,-2.1894712643678173E-9,2.7883908045977407E-9,-6.532241379310324E-8,0.0,0.0,0.0,2.1946666666666066E-9,-2.117728965517243E-8,-4.6655947126436836E-7,0.0,3.083908045977231E-9,0.0,6.333189655172414E-8,-4.1028206896551743E-7,0.0,-3.576320459770112E-7,0.0,0.0,0.0,3.51932183908046E-9,0.0,-2.3226160919540195E-10,0.0,0.0,4.281904827586206E-6,0.0,0.0,-3.604367816091951E-10,4.1254620689655105E-8,6.634954022988509E-9,0.0,3.912480459770113E-8,0.0,0.0,-1.5147372413793128E-6,1.6801809195402307E-9,1.687420229885058E-9,7.998806666666672E-8,-1.752137011494257E-7,0.0,-2.5068219310344824E-9,0.0,1.357216091954025E-9,1.380788505747127E-9,1.3774942528734698E-9,0.0,0.0,0.0,0.0,1.999701149425214E-9,0.0,1.654559540229889E-9,-1.9164298850574803E-9,-2.749408505747128E-9,-2.6779310344827577E-8,-3.641159080459771E-7,0.0,5.965609195402301E-12,6.678436781609187E-12,0.0,2.6563967816091944E-8,3.509809195402291E-8,0.0,5.8977287356321925E-9,6.609167816091942E-6,1.0571583908045983E-8,9.959903448275837E-9,9.998942528735647E-8,0.0,0.0,0.0,9.288593103448278E-6,9.339811494252891E-6,2.525388505747123E-7,4.241724137931033E-9,3.63157931034482E-8,
BUSDUSDT,-7.834482758620509E-4,-7.666842528735456E-4,-2.172477011494058E-5,-0.4512745574712553,-0.4455407701149336,-4.7286781609193996E-7,2.353390804597564E-9,2.4790804597699806E-9,0.0,0.0,0.0,-6.737758620689576E-7,-7.392614942528588E-6,-3.9924712643672535E-8,0.0,0.007067540229884984,1.1717816091953775E-7,-3.873172413793034E-6,0.0,0.0,-2.5865574712643072E-6,-7.544252873562767E-7,-4.278678160919285E-7,-0.002784373563218326,1.6464597701148896E-6,-0.00156767643678153,-2.499597701149362E-9,-7.27604597701133E-6,0.0,0.0,-8.017804597700959E-7,1.675120689655711E-8,0.0,-4.462126436781533E-6,0.0,1.9309712643678746E-6,-1.047563218390778E-4,-1.0424586206896287E-4,-2.2029074712643195E-4,-0.025684781609194744,-0.025521793103447626,-1.148396551724117E-5,-6.036040229884954E-6,0.0,0.0,0.0,0.0,-8.134022988505454E-7,-7.693160919540126E-5,-2.652022988505706E-7,-3.806510919540144E-4,0.0,-2.4328160919539584E-7,-3.285574712643655E-6,0.0,-6.588965517241126E-7,-1.8637931034482955E-6,0.0,-1.4409310344827281E-8,3.83770114942529E-6,0.0,6.56994252873572E-8,-1.1442988505746785E-5,-2.5452011494252344E-7,0.0,0.0,0.0,-1.910925862068912E-4,-8.081034482758401E-8,0.0,3.0714942528736005E-5,0.0,-6.289844827586014E-5,-6.192413793103267E-5,0.0,1.1820977011494298E-6,-1.8782471264367266E-5,-0.0029177413793102834,-0.0028857528735631572,-1.016344827586152E-6,0.0,-5.688160919540569E-7,2.6382183908045277E-7,-1.4887931034480984E-8,-3.948275862068978E-8,-2.431293103448196E-7,-9.496666666666386E-7,-0.14463228735631917,-3.0845977011492435E-6,1.0469712643678306E-5,0.0,0.0,-3.714385057471171E-4,-3.6614137931033526E-4,-3.258333333333199E-7,0.0,8.8925287356324E-6,0.0,-4.510229885057114E-6,0.0,-2.8918965517240086E-5,-7.82183908045965E-7,3.9559195402298575E-6,-2.5520689655171162E-6,0.0,0.0,0.0,5.931609195402099E-7,-9.749551724137747E-6,-1.3240632183907715E-4,0.0,-6.293563218390626E-5,0.0,2.3311379310345476E-6,-7.152224137930888E-4,0.0,-8.805747126426411E-7,0.0,0.0,0.0,1.322988505746931E-8,0.0,7.858505747126415E-8,0.0,0.0,-1.696517241379274E-4,0.0,0.0,-1.4612011494252535E-7,-1.8167068965516333E-5,-2.977643678160847E-7,0.0,-6.62166666666643E-6,0.0,0.0,-5.039706896551607E-4,-1.2082298850574244E-7,5.966321839080699E-8,-6.468632183907628E-6,-6.50871264367803E-5,0.0,-6.85771896551714E-7,0.0,-4.225229885057345E-7,-4.100402298850453E-7,5.836781609195048E-7,0.0,0.0,0.0,0.0,5.66954022988481E-7,0.0,3.586994252873541E-7,-2.3281494252873168E-6,-4.5263390804596365E-7,-1.3050344827585846E-5,-8.137057471264123E-5,0.0,-1.671091954022938E-9,-1.62471264367811E-9,0.0,2.9264597701148884E-6,-8.056436781608725E-6,0.0,-1.1545287356321348E-6,-0.0034386091954022313,-1.2147597701149009E-5,-1.2009327586206484E-5,-1.4237873563218745E-5,0.0,0.0,0.0,-0.004212258620689558,-0.004140890804597606,-3.816402298850497E-4,2.5081034482758326E-7,5.780172413793216E-6,
BZRXUSDT,0.0,0.0,0.0,0.0,0.0,0.0,0.0,0.0,0.0,0.0,0.0,0.0,0.0,0.0,0.0,0.0,0.0,0.0,0.0,0.0,0.0,0.0,0.0,0.0,0.0,0.0,0.0,0.0,0.0,0.0,0.0,0.0,0.0,0.0,0.0,0.0,0.0,0.0,0.0,0.0,0.0,0.0,0.0,0.0,0.0,0.0,0.0,0.0,0.0,0.0,0.0,0.0,0.0,0.0,0.0,0.0,0.0,0.0,0.0,0.0,0.0,0.0,0.0,0.0,0.0,0.0,0.0,0.0,0.0,0.0,0.0,0.0,0.0,0.0,0.0,0.0,0.0,0.0,0.0,0.0,0.0,0.0,0.0,0.0,0.0,0.0,0.0,0.0,0.0,0.0,0.0,0.0,0.0,0.0,0.0,0.0,0.0,0.0,0.0,0.0,0.0,0.0,0.0,0.0,0.0,0.0,0.0,0.0,0.0,0.0,0.0,0.0,0.0,0.0,0.0,0.0,0.0,0.0,0.0,0.0,0.0,0.0,0.0,0.0,0.0,0.0,0.0,0.0,0.0,0.0,0.0,0.0,0.0,0.0,0.0,0.0,0.0,0.0,0.0,0.0,0.0,0.0,0.0,0.0,0.0,0.0,0.0,0.0,0.0,0.0,0.0,0.0,0.0,0.0,0.0,0.0,0.0,0.0,0.0,0.0,0.0,0.0,0.0,0.0,0.0,0.0,0.0,0.0,0.0,0.0,0.0,0.0,0.0,0.0,0.0,0.0,0.0,
CELOUSDT,0.0,0.0,0.0,0.0,0.0,0.0,0.0,0.0,0.0,0.0,0.0,0.0,0.0,0.0,0.0,0.0,0.0,0.0,0.0,0.0,0.0,0.0,0.0,0.0,0.0,0.0,0.0,0.0,0.0,0.0,0.0,0.0,0.0,0.0,0.0,0.0,0.0,0.0,0.0,0.0,0.0,0.0,0.0,0.0,0.0,0.0,0.0,0.0,0.0,0.0,0.0,0.0,0.0,0.0,0.0,0.0,0.0,0.0,0.0,0.0,0.0,0.0,0.0,0.0,0.0,0.0,0.0,0.0,0.0,0.0,0.0,0.0,0.0,0.0,0.0,0.0,0.0,0.0,0.0,0.0,0.0,0.0,0.0,0.0,0.0,0.0,0.0,0.0,0.0,0.0,0.0,0.0,0.0,0.0,0.0,0.0,0.0,0.0,0.0,0.0,0.0,0.0,0.0,0.0,0.0,0.0,0.0,0.0,0.0,0.0,0.0,0.0,0.0,0.0,0.0,0.0,0.0,0.0,0.0,0.0,0.0,0.0,0.0,0.0,0.0,0.0,0.0,0.0,0.0,0.0,0.0,0.0,0.0,0.0,0.0,0.0,0.0,0.0,0.0,0.0,0.0,0.0,0.0,0.0,0.0,0.0,0.0,0.0,0.0,0.0,0.0,0.0,0.0,0.0,0.0,0.0,0.0,0.0,0.0,0.0,0.0,0.0,0.0,0.0,0.0,0.0,0.0,0.0,0.0,0.0,0.0,0.0,0.0,0.0,0.0,0.0,0.0,
CELRUSDT,0.0015798420620689656,0.0015609483379310349,9.259103103448274E-5,0.8479318748275863,0.8415135289655171,7.336906896551722E-7,-6.038586206896509E-10,-7.480275862068992E-10,-6.737758620689576E-7,0.0,0.0,0.0,1.2181318275862067E-5,1.189143793103449E-7,0.0,-0.015064426206896556,-3.0649620689655166E-7,7.060133103448275E-6,0.0,0.0,5.577503793103449E-6,2.8666551724137877E-7,3.6091689655172375E-7,0.00597120724137931,-2.487685517241379E-6,0.0037532943793103456,1.046813448275862E-8,1.2453415862068967E-5,0.0,0.0,1.9558667586206898E-6,-1.3154098965517248E-7,0.0,9.220327586206896E-6,0.0,-3.882188620689655E-6,1.8339175172413789E-4,1.8228507586206893E-4,3.6727385862068984E-4,0.05021054758620691,0.05002894965517241,2.0862955172413814E-5,1.3216865862068968E-5,0.0,0.0,0.0,0.0,1.3541668965517239E-6,1.6154927586206895E-4,4.334660000000001E-7,6.467913551724137E-4,0.0,3.297389655172411E-7,4.434493103448283E-6,0.0,9.950510344827582E-7,3.5700275862068967E-6,0.0,2.4453303448275873E-8,-7.449572413793107E-6,0.0,-2.142789310344828E-7,2.030130344827586E-5,4.0863693103448295E-7,0.0,0.0,0.0,3.6281029310344834E-4,1.2046606896551724E-7,0.0,-6.904020689655176E-5,0.0,3.718622241379311E-4,3.754151241379309E-4,0.0,3.649300000000005E-7,3.3608686206896556E-5,0.0054630886206896555,0.005423525862068966,1.5342393103448277E-6,0.0,3.73210275862069E-6,-3.786431034482758E-7,1.954065517241378E-8,1.7562758620689658E-7,3.513018275862069E-7,1.3805510344827588E-6,0.260524387586207,2.239758620689655E-6,-2.1643596551724146E-5,0.0,0.0,6.597481724137932E-4,6.493167586206896E-4,5.308700000000001E-7,0.0,-2.317807586206897E-5,0.0,2.034544827586212E-6,0.0,3.12056344827586E-5,1.366534482758621E-6,-8.691327586206898E-6,2.258103448275867E-6,0.0,0.0,0.0,-7.198379310344818E-7,1.95363124137931E-5,2.2049290344827586E-4,0.0,1.3876793103448278E-4,0.0,-1.8200000000000184E-7,9.368898965517237E-4,0.0,-2.0813793103479895E-8,0.0,0.0,0.0,1.9182068965517275E-7,0.0,-1.6298593103448275E-7,0.0,0.0,4.8581220689655167E-4,0.0,0.0,2.567908620689655E-7,4.426089310344828E-5,4.527258620689651E-7,0.0,1.290193448275862E-5,0.0,0.0,8.677564482758621E-4,1.2952717241379315E-7,-9.200234482758628E-8,1.3207602068965517E-5,1.1339402068965518E-4,0.0,1.1694845827586209E-6,0.0,7.662313793103446E-7,7.485989655172412E-7,-7.178827586206709E-7,0.0,0.0,0.0,0.0,-6.847137931034433E-7,0.0,-5.479599655172411E-7,4.722673103448276E-6,6.80223E-7,2.172596551724138E-5,1.4162424827586208E-4,0.0,2.4691413793103456E-9,2.3922000000000005E-9,0.0,-5.6847227586206885E-6,6.687027586206896E-6,0.0,2.78523724137931E-6,0.007263045517241378,2.6556298620689653E-5,2.6384164482758617E-5,5.5206741379310366E-5,0.0,0.0,0.0,0.009068957586206895,0.008975057586206895,7.065412413793104E-4,-4.7049827586206913E-7,-1.2883575862068963E-5,
CHRUSDT,0.014024230524137928,0.013835554409195408,3.779191988505745E-4,7.267303853908048,7.19248237678161,7.800986321839076E-6,-2.6933129885057426E-8,-2.8224098850574756E-8,-7.392614942528588E-6,0.0,0.0,1.2181318275862067E-5,0.0,5.952378045977014E-7,0.0,-0.14623554735632183,-1.0125428735632183E-6,7.738252206896552E-5,0.0,0.0,5.144087666666666E-5,2.0957978160919527E-5,8.264835977011493E-6,0.04663753298850574,-2.221252022988506E-5,0.03262574608045977,5.5428819540229896E-8,1.3988055885057473E-4,0.0,0.0,1.8407393471264368E-5,-1.6251135275862067E-6,0.0,9.812013218390801E-5,0.0,-3.31478504597701E-5,0.0016417225816091946,0.0016326018896551727,0.0032698373252873576,0.45905088804597705,0.4570418434482758,2.1348914827586227E-4,1.166466008045977E-4,0.0,0.0,0.0,0.0,1.634138597701149E-5,0.0011491901494252877,4.534908597701151E-6,0.007366685587356319,0.0,5.181269080459766E-6,1.822800114942534E-5,0.0,1.0827431724137934E-5,2.963269655172415E-5,0.0,2.7307007586206906E-7,-6.173969195402301E-5,0.0,-1.8013830229885061E-6,2.031575701149425E-4,5.342747091954021E-6,0.0,0.0,0.0,0.004012109051724139,1.6906928965517249E-6,0.0,-6.497182988505749E-4,0.0,0.0027595734999999993,0.0027704682896551713,0.0,5.843898735632183E-6,3.340067735632183E-4,0.04755191482758623,0.04729362126436782,2.112179862068966E-5,0.0,1.4670770804597692E-5,-4.2106626436781595E-6,4.935672758620688E-7,2.8232655172413806E-6,4.783584724137933E-6,1.839249264367816E-5,2.6723329974712637,6.046195402298851E-5,-2.2120193218390805E-4,0.0,0.0,0.006300372632183906,0.006156176344827586,6.890355287356321E-6,0.0,-2.5166963678160926E-4,0.0,7.746377701149432E-5,0.0,4.6504991724137903E-4,1.2585905747126437E-5,-7.754999425287358E-5,7.829800000000003E-5,0.0,0.0,0.0,-8.063828735632113E-6,1.9214348413793103E-4,0.0025404929816091955,0.0,0.0012526122988505744,0.0,-5.768346896551723E-5,0.012645908034482756,0.0,1.4530934252873564E-4,0.0,0.0,0.0,6.628574712643704E-7,0.0,-1.7164945287356314E-6,0.0,0.0,0.004957955379310345,0.0,0.0,2.8698093678160915E-6,3.885502448275862E-4,6.883806321839077E-6,0.0,1.349010540229885E-4,0.0,0.0,0.009959575620689654,2.5642322528735638E-6,-1.3902030574712654E-6,9.741095195402299E-5,0.0013348337839080458,0.0,1.2349299727586205E-5,0.0,6.4061732183908005E-6,6.217929770114939E-6,-8.143508045976804E-6,0.0,0.0,0.0,0.0,-7.776125287356234E-6,0.0,-6.348879229885056E-6,4.465532229885058E-5,8.20904274712644E-6,2.686363103448275E-4,0.0016465351770114942,0.0,2.904752528735633E-8,2.8227363218390804E-8,0.0,-5.550331402298851E-5,1.6338467356321836E-4,0.0,2.5905199540229887E-5,0.06299902459770114,2.1536046574712646E-4,2.1348551482758624E-4,6.644715919540232E-4,0.0,0.0,0.0,0.0753397320689655,0.07431369298850572,0.007516099563218393,-5.634512068965517E-6,-1.4508883793103435E-4,
CHZUSDT,6.906544337931034E-4,6.914324211494252E-4,1.1443009735632183E-4,0.37521340254022983,0.3745080168045977,3.2997619540229884E-7,1.8207026436781627E-9,1.864013333333332E-9,-3.9924712643672535E-8,0.0,0.0,1.189143793103449E-7,5.952378045977014E-7,0.0,0.0,-0.004580877678160921,-2.5996640229885063E-7,6.247433103448278E-7,0.0,0.0,2.004718195402299E-6,-1.1114529885057492E-6,-1.71907735632184E-7,0.003474755321839081,-1.0129697011494248E-6,0.003760753288505747,8.981511149425288E-9,1.9377334252873565E-6,0.0,0.0,8.285777218390808E-7,3.3571366551724056E-8,0.0,1.9518695402298855E-6,0.0,-1.2080439195402286E-6,9.398536942528735E-5,9.366494896551725E-5,1.8568766402298853E-4,0.02247738602298851,0.02246969427586207,5.881078275862079E-6,5.418485436781611E-6,0.0,0.0,0.0,0.0,1.0308174712643665E-7,9.003212298850574E-5,5.8284622988505714E-8,8.048111712643678E-5,0.0,-6.818035632183901E-8,1.8730378160919527E-6,0.0,6.464844137931031E-7,7.868441379310341E-7,0.0,7.403230344827588E-9,-2.434092873563217E-6,0.0,-5.106535287356325E-8,9.499042988505745E-6,2.4280532183908002E-8,0.0,0.0,0.0,5.767893965517242E-5,-2.232228965517242E-8,0.0,-1.7733032183908053E-5,0.0,2.9557937068965516E-4,2.971820951724139E-4,0.0,1.0003909195402403E-7,1.1527322643678149E-5,0.002692486793103449,0.00269218408045977,1.623297931034471E-7,0.0,1.6747953333333335E-6,-1.9264770114942388E-8,5.407568620689654E-8,-5.0196551724137925E-8,-3.2224437931034464E-8,-4.329857471264363E-8,0.06511299577011496,-2.1161850574712646E-6,-2.655516091954133E-7,0.0,0.0,3.158860471264367E-4,3.165878482758621E-4,3.4022402298850324E-8,0.0,-8.194087356321876E-7,0.0,-4.621501839080463E-6,0.0,-1.1724434482758846E-6,2.6094425287356337E-7,-1.9397591954023004E-6,-3.0883103448275297E-7,0.0,0.0,0.0,-4.2786091954015627E-8,6.193840206896555E-6,3.424271908045976E-5,0.0,6.562608045977014E-5,0.0,5.928870344827587E-6,-1.748881827586207E-4,0.0,-1.454552735632183E-5,0.0,0.0,0.0,2.95213908045977E-7,0.0,-2.1567891954022996E-8,0.0,0.0,2.0938077241379314E-4,0.0,0.0,5.593268390804602E-8,4.403994103448275E-5,-1.406201149425292E-8,0.0,4.999018735632182E-6,0.0,0.0,1.103211275862069E-4,-7.822515632183907E-8,8.748696091954015E-8,1.1648749287356322E-5,1.2446595402298923E-6,0.0,9.018926862068974E-8,0.0,4.389016436781607E-7,4.3545840229885036E-7,-5.804229885056913E-8,0.0,0.0,0.0,0.0,-4.767367816091812E-8,0.0,1.5017581954022984E-7,1.3187263908045985E-6,2.550120804597704E-8,3.360965517241358E-7,2.234247540229885E-5,0.0,6.265888505747125E-10,6.301981609195396E-10,0.0,-1.5744179080459772E-6,-6.401467356321842E-6,0.0,1.4623583218390813E-6,0.0034044058160919537,1.743948652873563E-5,1.7383394034482756E-5,1.5190751149425278E-5,0.0,0.0,0.0,0.004792820241379311,0.00476782587356322,7.887062988505749E-5,1.0902810344827569E-7,-2.1375758620689863E-7,
CKBUSDT,0.0,0.0,0.0,0.0,0.0,0.0,0.0,0.0,0.0,0.0,0.0,0.0,0.0,0.0,0.0,0.0,0.0,0.0,0.0,0.0,0.0,0.0,0.0,0.0,0.0,0.0,0.0,0.0,0.0,0.0,0.0,0.0,0.0,0.0,0.0,0.0,0.0,0.0,0.0,0.0,0.0,0.0,0.0,0.0,0.0,0.0,0.0,0.0,0.0,0.0,0.0,0.0,0.0,0.0,0.0,0.0,0.0,0.0,0.0,0.0,0.0,0.0,0.0,0.0,0.0,0.0,0.0,0.0,0.0,0.0,0.0,0.0,0.0,0.0,0.0,0.0,0.0,0.0,0.0,0.0,0.0,0.0,0.0,0.0,0.0,0.0,0.0,0.0,0.0,0.0,0.0,0.0,0.0,0.0,0.0,0.0,0.0,0.0,0.0,0.0,0.0,0.0,0.0,0.0,0.0,0.0,0.0,0.0,0.0,0.0,0.0,0.0,0.0,0.0,0.0,0.0,0.0,0.0,0.0,0.0,0.0,0.0,0.0,0.0,0.0,0.0,0.0,0.0,0.0,0.0,0.0,0.0,0.0,0.0,0.0,0.0,0.0,0.0,0.0,0.0,0.0,0.0,0.0,0.0,0.0,0.0,0.0,0.0,0.0,0.0,0.0,0.0,0.0,0.0,0.0,0.0,0.0,0.0,0.0,0.0,0.0,0.0,0.0,0.0,0.0,0.0,0.0,0.0,0.0,0.0,0.0,0.0,0.0,0.0,0.0,0.0,0.0,
COMPUSDT,-27.200843772413794,-27.02866654252874,-2.2097840873563217,-14953.83536643678,-14879.702801839077,-0.010163582988505749,3.321967356321834E-5,3.425309425287358E-5,0.007067540229884984,0.0,0.0,-0.015064426206896556,-0.14623554735632183,-0.004580877678160921,0.0,0.0,0.007281547816091952,-0.07901309241379312,0.0,0.0,-0.07664256022988507,0.033418112643678194,-9.696029885057421E-4,-107.19450735632184,0.028766850804597694,-91.76946560919541,-1.3959815632183907E-4,-0.17078802804597698,0.0,0.0,-0.03226623487356321,0.002723321710344829,0.0,-0.1460526436781609,0.0,0.05418684229885059,-3.245004542528734,-3.2212284,-6.464346616091955,-887.5693450574713,-885.908031724138,-0.34220857241379327,-0.24173392229885057,0.0,0.0,0.0,0.0,-0.013454765057471259,-3.0287578850574706,-0.005000517885057472,-8.651703209195404,0.0,-0.001560479540229883,-0.06579741609195415,0.0,-0.01638236,-0.023183427586206905,0.0,-3.66076151724138E-4,0.15381024597701148,0.0,0.004696463977011495,-0.3296814505747126,-0.004785000045977013,0.0,0.0,0.0,-5.3104309655172415,-0.0012977530344827585,0.0,1.300322459770115,0.0,-10.368720689655174,-10.414583510344826,0.0,-0.0484810250574713,-0.4066428229885057,-99.29941931034485,-99.01173563218393,0.0022245993103448356,0.0,-0.03327641057471262,0.006050387356321835,-0.0012165335172413796,-4.437551724137956E-4,-0.004709819793103449,-0.014364237011494252,-4070.3872501149426,0.024031919540229867,0.35664231264367824,0.0,0.0,-11.233295264367818,-11.06005096551724,8.721356321839053E-5,0.0,0.4761496183908048,0.0,0.039085997701149504,0.0,-0.19584052413793077,-0.01893961149425287,0.15254071264367816,-0.1278902758620692,0.0,0.0,0.0,0.007567864367815998,-0.306913847586207,-3.103995204597701,0.0,-2.7174890804597713,0.0,-0.052694944827586195,-4.182952620689652,0.0,-0.19291009885057436,0.0,0.0,0.0,-0.004223156321839084,0.0,0.0025601249195402287,0.0,0.0,-9.843510413793103,0.0,0.0,-0.004090628735632184,-1.0753703517241382,-0.0017139333333333296,0.0,-0.17672541839080458,0.0,0.0,-11.416497103448275,8.301206666666663E-4,9.960833563218393E-4,-0.25224812114942524,-1.3685599816091951,0.0,-0.01552642962758621,0.0,-0.012885705057471261,-0.012661062988505743,0.007363843678160728,0.0,0.0,0.0,0.0,0.007281388505747086,0.0,0.008767011908045977,-0.0679359859770115,-0.009174268942528737,-0.2525635862068965,-2.2018448712643677,0.0,-2.6650188505747132E-5,-2.5549691954022986E-5,0.0,0.10787829011494254,0.03998282528735636,0.0,-0.06397784735632185,-128.3360422988506,-0.5525834383908047,-0.5504980089655173,-1.2488891494252883,0.0,0.0,0.0,-170.5660675862069,-169.13147908045977,-9.13080222988506,0.009310268965517244,0.23268736551724137,
