 ,BNBUSDC,BNBUSDT,BNTUSDT,BTCUSDC,BTCUSDT,BTSUSDT,BTTUSDC,BTTUSDT,BUSDUSDT,BZRXUSDT,CELOUSDT,CELRUSDT,CHRUSDT,CHZUSDT,CKBUSDT,COMPUSDT,COSUSDT,COTIUSDT,CRVUSDT,CTKUSDT,CTSIUSDT,CTXCUSDT,CVCUSDT,DASHUSDT,DATAUSDT,DCRUSDT,DENTUSDT,DGBUSDT,DIAUSDT,DNTUSDT,DOCKUSDT,DOGEUSDT,DOTUSDT,DUSKUSDT,EGLDUSDT,ENJUSDT,EOSUSDC,EOSUSDT,ETCUSDT,ETHUSDC,ETHUSDT,EURUSDT,FETUSDT,FILUSDT,FIOUSDT,FIROUSDT,FLMUSDT,FTMUSDT,FTTUSDT,FUNUSDT,GBPUSDT,GRTUSDT,GTOUSDT,GXSUSDT,HARDUSDT,HBARUSDT,HIVEUSDT,HNTUSDT,HOTUSDT,ICXUSDT,INJUSDT,IOSTUSDT,IOTAUSDT,IOTXUSDT,IRISUSDT,JSTUSDT,JUVUSDT,KAVAUSDT,KEYUSDT,KMDUSDT,KNCUSDT,KSMUSDT,LINKUSDC,LINKUSDT,LITUSDT,LRCUSDT,LSKUSDT,LTCUSDC,LTCUSDT,LTOUSDT,LUNAUSDT,MANAUSDT,MATICUSDT,MBLUSDT,MDTUSDT,MFTUSDT,MITHUSDT,MKRUSDT,MTLUSDT,NANOUSDT,NBSUSDT,NEARUSDT,NEOUSDC,NEOUSDT,NKNUSDT,NMRUSDT,NULSUSDT,OCEANUSDT,OGNUSDT,OGUSDT,OMGUSDT,ONEUSDT,ONGUSDT,ONTUSDT,ORNUSDT,OXTUSDT,PAXGUSDT,PAXUSDT,PERLUSDT,PNTUSDT,PSGUSDT,QTUMUSDT,REEFUSDT,RENUSDT,REPUSDT,RIFUSDT,RLCUSDT,ROSEUSDT,RSRUSDT,RUNEUSDT,RVNUSDT,SANDUSDT,SCUSDT,SFPUSDT,SKLUSDT,SNXUSDT,SOLUSDT,SRMUSDT,STMXUSDT,STORJUSDT,STPTUSDT,STRAXUSDT,STXUSDT,SUSDUSDT,SUSHIUSDT,SXPUSDT,TCTUSDT,TFUELUSDT,THETAUSDT,TOMOUSDT,TRBUSDT,TROYUSDT,TRUUSDT,TRXUSDC,TRXUSDT,TUSDUSDT,TWTUSDT,UMAUSDT,UNFIUSDT,UNIUSDT,USDCUSDT,UTKUSDT,VETUSDT,VITEUSDT,VTHOUSDT,WANUSDT,WAVESUSDT,WINGUSDT,WINUSDC,WINUSDT,WNXMUSDT,WRXUSDT,WTCUSDT,XEMUSDT,XLMUSDT,XMRUSDT,XRPUSDC,XRPUSDT,XTZUSDT,XVSUSDT,YFIIUSDT,YFIUSDT,ZECUSDC,ZECUSDT,ZENUSDT,ZILUSDT,ZRXUSDT,
BNBUSDC,0.0,4.021810925862068,0.6592477611724138,2010.6185251793102,2006.5622108206894,0.0025536493724137932,2.73504251724138E-5,2.6960465724137928E-5,-4.7645696551722357E-4,0.0,0.0,0.002470581662068965,0.014763650703448275,0.0016055273489655171,0.0,-2.9408800689655155,-9.099022275862067E-4,0.016145491041379308,0.0,0.0,0.025160161489655174,0.002348663517241377,0.0010735159034482755,20.01713757241379,-0.0034320036896551727,14.446575573103448,7.592427827586206E-5,0.016092514000000006,0.0,0.0,0.007108646647586207,2.473845885517241E-4,0.0,0.0193388924137931,0.0,0.005459816751724139,0.4434402963448275,0.4454603288965516,0.7739597883448278,126.84719177241378,126.69988542068967,0.028512503379310338,0.032127512427586206,0.0,0.0,0.0,0.0,0.0027388972551724133,0.4440237579310343,6.456912848275859E-4,0.644261078965517,0.0,5.324274206896548E-4,0.0455367655862069,0.0,0.0048781547034482745,0.01964834027586207,0.0,7.449936296551725E-5,0.007866160068965516,0.0,-4.559114482758624E-5,0.0689249903448276,0.00102241686,0.01685503217241379,0.009682937055172414,0.0,0.9734861786206896,1.5397585172413788E-4,0.10463129586206894,-0.036487580689655186,0.0,3.2589264693793094,3.2585085668275853,0.0,0.00803463488965517,0.1668811802758621,12.688229441379312,12.683561655172412,0.006884120282758618,0.0,0.04901259032413791,9.85831972413793E-4,4.018551931034495E-5,6.40317448275862E-4,4.151117751724139E-4,0.0013726465310344828,461.36116542068953,0.0023346907586206844,0.043877944413793064,0.0,0.0,2.045451190344828,2.052521156551724,0.0034980265034482753,0.0,0.03406435448275863,0.0,0.024696836896551718,0.0,0.05730538786206893,0.002905146744827586,-0.0048119727586206935,0.010125698482758643,0.0,0.0,0.0,-4.4965331034482265E-4,0.03911604055862068,0.2852549408275862,0.0,0.36588807241379306,0.0,0.05436912259999999,0.36815754206896534,0.0,-0.00305501434482762,0.0,0.0,0.0,0.0019199355793103445,0.0,-7.569161862068956E-5,0.0,0.0,0.9970362241379308,0.48865329682758624,0.23919982068965515,3.748124241379311E-4,0.17998299648275862,0.002360793234482758,0.0,0.05712769186206895,0.0,0.0,1.3461551806896548,2.2688795655172409E-4,4.995199400000003E-4,0.07735548214482757,0.2015345802068965,0.0,0.0015103268612413798,0.0,0.002569012110344827,0.0025543824137931022,-5.030688275861776E-4,0.0,0.0,0.0,0.0,-4.543392413792971E-4,0.0,0.0015398398041379302,0.012465151213793104,3.5226786551724156E-4,0.04741431931034482,0.33072221289655174,0.0,2.0900966206896548E-5,2.0759828758620682E-5,0.0,-0.004269019062068966,0.004352155586206904,0.0,0.005570493620689657,18.976974124137925,0.08414987955862069,0.08403198579999999,0.3696800976551724,0.0,0.0,1292.8552862413799,26.258428158620685,26.14420274482758,1.6246673448275863,0.0034195437655172405,0.017015159931034477,
BNBUSDT,4.021810925862068,0.0,0.6615478665517242,2006.6475466724132,2002.7230906264363,0.002552077729885058,2.746043500000001E-5,2.7072811724137936E-5,-4.6346879310343083E-4,0.0,0.0,0.002463560028735632,0.014675585620689656,0.0016124026500000004,0.0,-2.785404304597697,-9.064587528735631E-4,0.01613104266091954,0.0,0.0,0.025217013844827583,0.002375474195402298,0.0010659998103448275,20.031753758620688,-0.0033743937816091956,14.47962123160919,7.630590362068965E-5,0.016013506459770118,0.0,0.0,0.007131107529885057,2.467781540229885E-4,0.0,0.019465205689655166,0.0,0.005572395080459771,0.44199219701149417,0.444052581321839,0.7694493951149429,126.71451505172415,126.57062403448275,0.02838955080459771,0.03215202208620689,0.0,0.0,0.0,0.0,0.0027381920747126436,0.4430200988505747,6.416752873563218E-4,0.6394070349425287,0.0,5.319624482758619E-4,0.045648662816091944,0.0,0.0048815459022988495,0.0196737859770115,0.0,7.453962954022988E-5,0.00791375126436782,0.0,-4.554917988505743E-5,0.06894025557471264,0.0010225141586206897,0.017025820660919535,0.009787617620689654,0.0,0.9749867617241381,1.5384953735632188E-4,0.10578263591954022,-0.03573095574712644,0.0,3.275882642988505,3.2756000854597698,0.0,0.00814366147701149,0.16721977488505751,12.653321477011497,12.64968266666667,0.0068855978850574685,0.0,0.049283807580459756,9.960751206896557E-4,4.10013971264369E-5,6.477252068965521E-4,4.1177591609195405E-4,0.00136006283908046,460.021947494253,0.0023489217816091887,0.04430332925287354,0.0,0.0,2.045063893678161,2.0521368189655176,0.003505160614942529,0.0,0.03421950586206898,0.0,0.024735550344827585,0.0,0.05690411155172407,0.002896931908045977,-0.004748570287356323,0.010230416666666688,0.0,0.0,0.0,-4.361206321839032E-4,0.03906013133333334,0.2840284471264367,0.0,0.3658147959770116,0.0,0.054596165241379314,0.3576516873563219,0.0,-0.0015679979885057668,0.0,0.0,0.0,0.0019264957298850574,0.0,-7.445432816091946E-5,0.0,0.0,0.9996216005747126,0.4939843030459769,0.24194108511494256,3.737036316091954E-4,0.18045146396551723,0.002369533212643679,0.0,0.05724239183908046,0.0,0.0,1.3432243252873564,2.2758612298850593E-4,5.011243586206899E-4,0.07742302812068966,0.20115620419540234,0.0,0.0015024688585057477,0.0,0.002564729040229885,0.0025503633563218383,-4.898837931034197E-4,0.0,0.0,0.0,0.0,-4.40955919540217E-4,0.0,0.0015518647626436787,0.012455772224137933,3.454336925287356E-4,0.04742064109195403,0.33208963459770113,0.0,2.0955904367816086E-5,2.0814133850574712E-5,0.0,-0.0042123776206896574,0.004343312183908052,0.0,0.005575445954022987,18.975562178160924,0.08419277950574716,0.08407610922988504,0.37190175867816094,0.0,0.0,1298.0284998390805,26.27323272413793,26.159411235632184,1.6237774091954027,0.0034374491609195403,0.01710551586206896,
BNTUSDT,0.6592477611724138,0.6615478665517242,0.0,325.52587708275854,325.7187398137931,4.791149862068966E-4,7.666737931034484E-6,7.574068344827585E-6,7.2029655172437605E-6,0.0,0.0,4.6475073793103447E-4,0.002049776544827586,3.7771059103448276E-4,0.0,2.3592049310344834,-9.789114482758622E-5,0.0031526862551724136,0.0,0.0,0.006033557255172414,0.0014102422068965508,3.466872206896552E-4,3.8550836965517243,1.85813931034483E-4,2.8365538048275862,1.929256310344828E-5,0.002052880103448275,0.0,0.0,0.0016923109779310346,5.32119936551724E-5,0.0,0.0051996551724137925,0.0,0.003851445020689655,0.06601465958620688,0.06635387986206898,0.07600975531034489,20.665243820689657,20.66494035862069,0.0035355298620689656,0.006833061889655172,0.0,0.0,0.0,0.0,6.800283034482758E-4,0.06840131586206896,6.62325662068965E-5,0.06223510137931034,0.0,1.131784620689655E-4,0.011688187379310344,0.0,9.554253379310342E-4,0.004405400551724137,0.0,1.494185282758621E-5,0.004341261862068966,0.0,1.708310344827586E-5,0.013714426551724135,1.8727257517241376E-4,0.005155100034482757,0.0029417030413793105,0.0,0.2690658975862069,4.689639655172413E-5,0.031659781379310345,0.016518824827586206,0.0,0.8871792415172413,0.887622255724138,0.0,0.0037555683655172405,0.040683185379310344,1.8225676413793102,1.8241231379310345,0.0018735358413793095,0.0,0.01364729764827586,3.834358413793104E-4,6.171048965517265E-6,2.4969882758620694E-4,1.0118153310344826E-4,2.134182E-4,54.601233186206876,0.0017317084137931011,0.01615047227586206,0.0,0.0,0.38410480827586213,0.3858899786206897,8.530355931034481E-4,0.0,0.009866158965517242,0.0,0.01013883068965517,0.0,0.01179467158620689,5.033260758620689E-4,3.7075379310344813E-4,0.007462456965517245,0.0,0.0,0.0,1.6171310344828163E-5,0.006281009531034483,0.03618695786206897,0.0,0.07781711724137931,0.0,0.014429993579310347,-0.011360867586206934,0.0,0.045099378551724134,0.0,0.0,0.0,4.713929862068965E-4,0.0,8.220273103448292E-6,0.0,0.0,0.23102478965517242,0.14788637020689652,0.07165355724137931,5.409916551724137E-5,0.03640580020689655,5.502790896551725E-4,0.0,0.01303952613793103,0.0,0.0,0.2128609717241379,8.13860544827586E-5,1.342441248275863E-4,0.016791931668965518,0.037873961103448275,0.0,2.2356849179310347E-4,0.0,4.329738758620689E-4,4.330044137931033E-4,1.1527517241380986E-5,0.0,0.0,0.0,0.0,1.4407379310345619E-5,0.0,5.211920151724136E-4,0.0022976121862068968,8.828393103448257E-6,0.01003781448275862,0.08160162234482758,0.0,5.212835172413794E-6,5.1836395862068955E-6,0.0,1.28261013793103E-4,0.003737674275862069,0.0,0.001213661310344828,3.415567662068965,0.014972746151724139,0.014980579358620688,0.1105006008275862,0.0,0.0,349.52857786206897,4.941576144827585,4.9403034896551725,0.31383402413793093,9.566419448275861E-4,0.006878561586206895,
BTCUSDC,2010.6185251793102,2006.6475466724132,325.52587708275854,0.0,1132390.8315699997,1.565766073448276,0.014514899155172416,0.014233315124137927,-0.26924802413792315,0.0,0.0,1.4013200782758617,8.007964697931033,0.9529742371379312,0.0,-1082.8289706896549,-0.5351610451724137,8.459262481724137,0.0,0.0,13.145449098965514,1.2808498172413771,0.5052903024137928,10520.753567586207,-1.6087520241379296,7678.093681620688,0.03937759487931034,8.35177983103448,0.0,0.0,3.7670055020000004,0.11779988699310344,0.0,10.310048258620688,0.0,1.7990818855172412,253.7783127034482,254.3376648724138,456.3997809206898,66545.14468931033,66446.94653517242,15.953104200000002,17.770252513448273,0.0,0.0,0.0,0.0,1.3147662927586201,243.9995630344828,0.36002501365517225,334.8653726896551,0.0,0.21363531103448258,30.035428575862056,0.0,2.7392451927586197,10.998632096551718,0.0,0.03844894591724138,3.560033937931037,0.0,-0.0252370429310345,37.852982844827565,0.524451692551724,12.325368018965513,7.076362833103447,0.0,494.5524700344828,0.07167472534482756,76.5345557413793,-25.94582651724136,0.0,1729.8180415931029,1728.2476545965517,0.0,2.947967938965516,88.34798090689655,7079.276380344827,7065.266137931033,2.527940886896549,0.0,26.191090289310345,0.5615524162068966,0.029524762793103513,0.3403931586206898,0.21678917924137922,0.6090688151724138,243447.8235972414,0.6427285413793057,19.351527079310326,0.0,0.0,1113.0891288620687,1116.6620678965514,1.7862486968965512,0.0,14.450026241379316,0.0,15.230046448275857,0.0,30.537024182758586,1.6597981882758621,-2.8622929827586217,7.088514779310354,0.0,0.0,0.0,-0.2723358999999983,20.734254617931036,141.18883315172414,0.0,180.79409741379308,0.0,27.82984868413793,-2.980622000000097,0.0,6.550349203448271,0.0,0.0,0.0,0.9899155631034482,0.0,-0.03855890858620687,0.0,0.0,509.3168018965516,357.6035339413792,175.38521556896552,0.23456221396551716,96.95686173448274,1.1251693286206896,0.0,29.143654393103436,0.0,0.0,717.9683794482756,0.06596945875862063,0.24469984365517244,40.49872064724139,102.37259183103448,0.0,0.8472832079172413,0.0,1.3835675196551718,1.3732823379310344,-0.28550429655170845,0.0,0.0,0.0,0.0,-0.2603788379310304,0.0,0.6547372047241379,6.653246978275861,0.15848708534482758,24.722690982758614,187.60632435862072,0.0,0.011166831448275861,0.01108371075517241,0.0,-1.9379718234482755,0.40605138620689585,0.0,2.3264342724137936,9990.864369310346,43.54571634551722,43.489919952413786,191.8687459551724,0.0,0.0,831072.1952137927,13420.30576068965,13363.224958965515,764.6001772413794,1.7819763317241373,8.953243544827583,
BTCUSDT,2006.5622108206894,2002.7230906264363,325.7187398137931,1132390.8315699997,0.0,1.5606432529885057,0.014540982499999999,0.014260050462068963,-0.2641798724137855,0.0,0.0,1.3991605952873565,7.972803457241378,0.9521528028620689,0.0,-1028.3527063218382,-0.5341019145977011,8.450740737816092,0.0,0.0,13.15281357689655,1.2830568264367814,0.5048329424137931,10507.557563448278,-1.5962950781609195,7674.496345505748,0.03940486381034482,8.318391625287358,0.0,0.0,3.7683822513333323,0.1176488454091954,0.0,10.31738063793103,0.0,1.8323573018390813,253.06261865287348,253.61982096666668,454.54554209080464,66422.0990003448,66325.6468337931,15.89147619080459,17.755096707241385,0.0,0.0,0.0,0.0,1.312340654367816,243.4368951264367,0.3583113440459769,332.97680545977016,0.0,0.21255127517241373,30.070917619540232,0.0,2.7383307750574706,10.97603243218391,0.0,0.038365590312643694,3.5885680160919566,0.0,-0.0251390145402299,37.821672005747125,0.5238852998620691,12.368930210919537,7.104816366896552,0.0,494.75220427586214,0.07151383477011493,76.82012690229884,-25.701241643678138,0.0,1732.7727016712645,1731.25355575977,0.0,2.9803079242528723,88.2633680816092,7059.02902770115,7045.228725287355,2.525771456781607,0.0,26.22997494287356,0.5634354251724139,0.02956026433333339,0.340722579310345,0.21679009857471268,0.6048752963218395,242669.49310390805,0.6404379298850554,19.4857977597701,0.0,0.0,1111.9429330919543,1115.4703569310345,1.785305811149425,0.0,14.49727293103449,0.0,15.238877931034482,0.0,30.371551093103427,1.6560631128735632,-2.841447752873562,7.151771508045989,0.0,0.0,0.0,-0.26670880114942375,20.683889305057477,140.47763700919538,0.0,180.7773895977012,0.0,27.878873433103454,-7.4927323678161235,0.0,6.96188201494254,0.0,0.0,0.0,0.9897677805747126,0.0,-0.03805153543678157,0.0,0.0,509.7084286781609,358.85893355287357,175.9025653045977,0.23374669798850584,96.90599736896552,1.1264765702298853,0.0,29.14433772183908,0.0,0.0,715.9456527356322,0.06562960354022994,0.2451448601379311,40.508058325172414,102.11572239885056,0.0,0.8450569666574713,0.0,1.3804070826436776,1.3702431977011484,-0.27982225517239817,0.0,0.0,0.0,0.0,-0.2549015988505707,0.0,0.6587369324022988,6.64418633551724,0.15639381752873563,24.721729109195397,187.13267113563217,0.0,0.01116924398850575,0.011085993026436779,0.0,-1.9400344662068965,0.35899272873563626,0.0,2.3310986126436783,9974.601584712644,43.49990166022988,43.44551399471265,192.7571311367816,0.0,0.0,834344.2680252874,13403.005349655168,13347.544562873558,764.138727126437,1.7854249395402297,9.005637593103447,
BTSUSDT,0.0025536493724137932,0.002552077729885058,4.791149862068966E-4,1.565766073448276,1.5606432529885057,0.0,4.461246551724137E-8,4.3614703448275854E-8,-3.9490689655169627E-7,0.0,0.0,3.318760804597701E-6,1.9272157241379308E-5,3.1032618275862075E-6,0.0,0.030709452298850574,-8.121494252873356E-9,2.3597682643678155E-5,0.0,0.0,3.134589413793103E-5,1.5209274712643673E-5,2.8940286206896553E-6,0.014283849655172416,3.839370114942532E-6,0.011292339298850576,7.096018965517243E-8,1.531442528735632E-5,0.0,0.0,7.634345816091954E-6,1.8455296091954017E-7,0.0,2.794522413793104E-5,0.0,9.854170804597705E-6,3.5461237701149426E-4,3.554627252873563E-4,4.7569726321839106E-4,0.1027344727586207,0.10258520620689655,2.2799949425287385E-5,2.823786241379311E-5,0.0,0.0,0.0,0.0,3.838385402298849E-6,2.8353409195402295E-4,8.258630114942529E-7,5.508472528735632E-4,0.0,1.1676682758620687E-6,1.1254165402298845E-4,0.0,7.185433678160919E-6,2.470412183908046E-5,0.0,8.243258850574716E-8,4.35178091954023E-5,0.0,2.5955994252873547E-7,8.4520316091954E-5,1.4656039999999997E-6,7.681243505747126E-5,4.2579215172413795E-5,0.0,0.0012168283103448276,3.454427011494251E-7,4.615788678160918E-4,4.995456321839082E-5,0.0,0.0054390211540229876,0.0054219143804597695,0.0,1.5975796666666666E-5,2.2156097816091954E-4,0.00845680701149425,0.008455156321839085,6.2144016091954E-6,0.0,6.029770149425288E-5,3.020825172413793E-6,4.597916091954028E-8,2.292827586206897E-6,9.114913333333334E-7,1.919492873563218E-6,0.42194480045977006,1.911410229885057E-5,8.647210459770117E-5,0.0,0.0,0.002329934816091954,0.0023327048620689654,5.7351180459770115E-6,0.0,4.052337931034484E-5,0.0,1.1256941379310346E-4,0.0,1.3179164482758616E-4,3.25934735632184E-6,9.046264367816064E-7,5.2613852873563235E-5,0.0,0.0,0.0,-4.647666666666476E-7,3.0856760229885063E-5,2.337888367816092E-4,0.0,3.2633477011494253E-4,0.0,7.580755034482761E-5,3.819565977011488E-4,0.0,2.5284546321839086E-4,0.0,0.0,0.0,2.428177126436782E-6,0.0,1.5625597701149483E-8,0.0,0.0,0.0012759621264367817,0.0021769777942528736,0.0010665198908045978,5.409648850574712E-7,1.6645861034482763E-4,4.594635747126437E-6,0.0,7.483754942528733E-5,0.0,0.0,0.0021226985977011495,7.24787333333333E-7,6.828497931034487E-7,9.957901827586208E-5,3.2057791609195404E-4,0.0,1.7663234160919539E-6,0.0,2.458017126436781E-6,2.4407494252873557E-6,-5.13013793103409E-7,0.0,0.0,0.0,0.0,-4.1618505747123385E-7,0.0,1.525271712643678E-6,1.1487507931034482E-5,2.289913218390804E-7,8.760931609195401E-5,7.586050666666666E-4,0.0,2.8159126436781606E-8,2.814537126436781E-8,0.0,1.0583230344827586E-5,5.141665977011494E-5,0.0,1.8560126436781656E-6,0.013737819195402302,5.836151540229886E-5,5.825838781609198E-5,7.550766195402299E-4,0.0,0.0,3.533758045977011,0.016554311724137932,0.01642808011494253,0.0015468778160919543,4.661829195402298E-6,3.7058041379310334E-5,
BTTUSDC,2.73504251724138E-5,2.746043500000001E-5,7.666737931034484E-6,0.014514899155172416,0.014540982499999999,4.461246551724137E-8,0.0,6.753337931034483E-10,1.1808620689655264E-9,0.0,0.0,3.8690603448275863E-8,2.009521379310345E-7,2.832770172413793E-8,0.0,4.133033275862068E-4,4.649465517241379E-9,2.7680177586206897E-7,0.0,0.0,4.3677625862068965E-7,1.91576724137931E-7,4.6731396551724126E-8,1.743724827586208E-4,6.214558620689655E-8,1.1616750862068966E-4,1.1548863793103451E-9,1.2463262068965523E-7,0.0,0.0,1.1070404482758623E-7,2.357633103448276E-9,0.0,3.518091379310345E-7,0.0,2.8622375862068965E-7,3.1479217241379334E-6,3.1541174137931044E-6,1.7846625862069008E-6,9.551607413793106E-4,9.544242758620691E-4,1.2482379310344816E-7,3.5990170689655175E-7,0.0,0.0,0.0,0.0,4.779825862068965E-8,2.48886551724138E-6,6.0878000000000004E-9,3.148845172413795E-6,0.0,1.4882275862068964E-8,1.1828908620689652E-6,0.0,8.445729310344828E-8,3.338724137931034E-7,0.0,9.937800000000003E-10,5.737906896551724E-7,0.0,4.909498275862068E-9,9.644677586206896E-7,1.8990820689655175E-8,6.309374999999998E-7,3.5997103448275855E-7,0.0,1.8817476896551725E-5,4.803181034482758E-9,3.881729482758619E-6,1.7343913793103446E-6,0.0,6.633715896551722E-5,6.625711810344827E-5,0.0,2.64891672413793E-7,2.9357201724137934E-6,6.665229310344829E-5,6.658762068965522E-5,1.281010344827586E-7,0.0,9.783843620689655E-7,3.811791379310345E-8,2.3320517241379467E-10,2.7592241379310338E-8,1.3057517241379312E-8,2.4198931034482766E-8,0.003007254137931036,2.5666534482758606E-7,1.4910825862068964E-6,0.0,0.0,2.573440172413794E-5,2.569644655172414E-5,7.230332758620689E-8,0.0,8.07306206896552E-7,0.0,1.2004917241379309E-6,0.0,1.4888884482758622E-6,3.4266896551724146E-8,1.0736120689655172E-7,8.738917241379311E-7,0.0,0.0,0.0,1.3594827586207318E-9,2.9180779310344835E-7,1.8687958620689663E-6,0.0,4.248418965517242E-6,0.0,9.517466206896553E-7,5.0106965517241395E-6,0.0,4.051061896551723E-6,0.0,0.0,0.0,2.942991379310345E-8,0.0,1.5121465517241378E-9,0.0,0.0,1.39038775862069E-5,1.814547844827586E-5,8.830529482758618E-6,4.117563793103448E-9,1.691769482758621E-6,5.657129310344829E-8,0.0,9.728858620689654E-7,0.0,0.0,1.7987655172413798E-5,1.0626099999999996E-8,8.888441379310352E-9,1.1239527413793106E-6,3.3268877586206898E-6,0.0,1.9860096206896557E-8,0.0,2.4756431034482766E-8,2.468603448275862E-8,6.51724137931075E-10,0.0,0.0,0.0,0.0,1.377758620689644E-9,0.0,3.492040862068966E-8,1.3797881034482758E-7,9.220862068965636E-11,1.0222091379310344E-6,6.942479310344827E-6,0.0,3.9595586206896556E-10,3.9375844827586207E-10,0.0,1.0425958620689644E-7,6.311689655172415E-7,0.0,3.7134896551724156E-8,1.5377870689655177E-4,5.980128620689656E-7,5.992558965517245E-7,1.0645936379310345E-5,0.0,0.0,0.044693716448275855,1.9196562068965521E-4,1.9392387931034487E-4,2.0841651724137936E-5,7.300644827586206E-8,6.364010344827585E-7,
BTTUSDT,2.6960465724137928E-5,2.7072811724137936E-5,7.574068344827585E-6,0.014233315124137927,0.014260050462068963,4.3614703448275854E-8,6.753337931034483E-10,0.0,1.2746206896551849E-9,0.0,0.0,3.777364137931034E-8,1.9582666206896546E-7,2.778181586206897E-8,0.0,4.047226896551725E-4,4.509868965517243E-9,2.707267448275861E-7,0.0,0.0,4.2822926206896557E-7,1.8701710344827582E-7,4.5604434482758615E-8,1.7185692413793105E-4,6.06591379310345E-8,1.1482442275862068E-4,1.1344393103448275E-9,1.2162068965517237E-7,0.0,0.0,1.0852172896551724E-7,2.329240137931034E-9,0.0,3.451255172413793E-7,0.0,2.813404620689655E-7,3.0795176551724137E-6,3.085717379310345E-6,1.7300895172413802E-6,9.402685241379308E-4,9.395891586206895E-4,1.21994620689655E-7,3.526755586206897E-7,0.0,0.0,0.0,0.0,4.695562758620687E-8,2.4503427586206896E-6,5.903195862068965E-9,3.052206551724135E-6,0.0,1.456053793103448E-8,1.1537026206896551E-6,0.0,8.260459310344828E-8,3.2653358620689646E-7,0.0,9.744188965517242E-10,5.608950344827586E-7,0.0,4.800862068965516E-9,9.447358620689653E-7,1.856467655172414E-8,6.163961724137931E-7,3.515751655172414E-7,0.0,1.8463993448275862E-5,4.690906896551723E-9,3.790716206896552E-6,1.7072855172413796E-6,0.0,6.519039606896551E-5,6.511309772413793E-5,0.0,2.6087525517241375E-7,2.881349793103448E-6,6.540294482758617E-5,6.535020689655175E-5,1.260716413793103E-7,0.0,9.604070068965517E-7,3.736777931034483E-8,2.4447172413793223E-10,2.7012379310344824E-8,1.271955655172414E-8,2.3571972413793093E-8,0.002941595020689655,2.5127744827586187E-7,1.4628101379310343E-6,0.0,0.0,2.524219862068966E-5,2.5208028275862066E-5,7.085502758620689E-8,0.0,7.934193103448278E-7,0.0,1.1728948275862067E-6,0.0,1.4510122068965513E-6,3.3402855172413796E-8,1.0557551724137932E-7,8.557313103448277E-7,0.0,0.0,0.0,1.4838620689655685E-9,2.8678336551724126E-7,1.8229507586206889E-6,0.0,4.184672413793104E-6,0.0,9.350499034482759E-7,4.88465379310344E-6,0.0,3.990138689655173E-6,0.0,0.0,0.0,2.895118620689654E-8,0.0,1.4823027586206898E-9,0.0,0.0,1.3669006896551722E-5,1.7720451862068965E-5,8.62081103448276E-6,3.9964206896551725E-9,1.668041517241379E-6,5.530549655172414E-8,0.0,9.551821379310343E-7,0.0,0.0,1.7577704137931032E-5,1.0417848965517238E-8,8.75729241379311E-9,1.1040658482758623E-6,3.2510740689655164E-6,0.0,1.9292414413793106E-8,0.0,2.4271572413793108E-8,2.420510344827585E-8,7.762758620690099E-10,0.0,0.0,0.0,0.0,1.4795172413793021E-9,0.0,3.446174344827587E-8,1.35467675862069E-7,8.956551724137794E-11,9.998127586206897E-7,6.793701103448275E-6,0.0,3.8903689655172404E-10,3.869024827586207E-10,0.0,1.0137212413793095E-7,6.172229655172414E-7,0.0,3.727506896551726E-8,1.5156571724137932E-4,5.908147793103449E-7,5.920307793103448E-7,1.0443520896551724E-5,0.0,0.0,0.04358369493103449,1.8983244137931037E-4,1.9174475172413792E-4,2.0503948275862073E-5,7.172608965517241E-8,6.232787586206896E-7,
BUSDUSDT,-4.7645696551722357E-4,-4.6346879310343083E-4,7.2029655172437605E-6,-0.26924802413792315,-0.2641798724137855,-3.9490689655169627E-7,1.1808620689655264E-9,1.2746206896551849E-9,0.0,0.0,0.0,-3.028517241379205E-7,-3.7520137931033217E-6,-3.481275862067594E-8,0.0,0.00472860344827589,1.0258965517241309E-7,-1.6321275862068274E-6,0.0,0.0,-3.430931034481948E-7,8.148275862077924E-8,-1.0757586206894141E-7,-0.0016461241379309636,1.454241379310325E-6,-4.586058620688879E-4,-8.465517241364721E-11,-3.944068965517109E-6,0.0,0.0,-8.036482758618323E-8,-3.036717241378981E-8,0.0,2.7672413793110883E-7,0.0,2.9647655172414626E-6,-6.921565517241175E-5,-6.96018275862048E-5,-1.752619655172379E-4,-0.014360203448275245,-0.014216006896551111,-6.189586206896376E-6,-1.8562379310343853E-6,0.0,0.0,0.0,0.0,-3.53341379310315E-7,-5.823379310344717E-5,-1.801193103448242E-7,-2.1418586206895906E-4,0.0,-1.2607586206895812E-7,2.15734482758636E-6,0.0,-2.398931034482549E-7,-2.11648275862065E-6,0.0,-9.085379310344339E-9,1.9506206896553752E-6,0.0,8.4706896551734E-9,-4.722931034482402E-6,-9.339448275861485E-8,3.961189655172514E-6,2.423910344827629E-6,0.0,-2.826896551717758E-6,-2.1501724137928947E-8,2.4372586206897067E-5,2.3685862068966333E-5,0.0,2.531185517241515E-4,2.560923103448406E-4,0.0,2.8556448275863E-6,-1.1536310344826734E-5,-0.001938699999999949,-0.0019183793103447772,-5.799379310344236E-7,0.0,2.0805896551724634E-6,1.6207931034483068E-7,6.951379310346405E-9,2.272413793104162E-8,-3.8085517241373496E-8,-4.97979310344803E-7,-0.08373438620689422,-6.509310344825727E-7,8.669551724138038E-6,0.0,0.0,-1.7372999999999185E-4,-1.7763758620688796E-4,-1.7731379310342332E-7,0.0,2.112413793103592E-6,0.0,1.6189655172419537E-6,0.0,-2.0629413793102107E-5,-4.553310344827472E-7,2.022241379310328E-6,5.8525517241381726E-6,0.0,0.0,0.0,4.965862068965374E-7,-4.984903448275706E-6,-7.174358620689388E-5,0.0,-1.3022413793101634E-5,0.0,3.953365517241535E-6,-5.005420689655067E-4,0.0,4.837486206896723E-5,0.0,0.0,0.0,-7.445862068964465E-8,0.0,4.4475517241378544E-8,0.0,0.0,1.6005172413800498E-5,1.0897955172414054E-4,4.467775862069107E-5,-6.28775862068939E-8,-5.684586206895555E-6,-6.132068965515964E-8,0.0,-1.6991034482755722E-6,0.0,0.0,-2.45859999999988E-4,-4.625655172413241E-8,3.3887586206899304E-8,-1.76423103448229E-6,-3.02338275862049E-5,0.0,-3.016029655172357E-7,0.0,-3.324724137930896E-7,-3.2155172413791774E-7,4.960689655172094E-7,0.0,0.0,0.0,0.0,4.821724137930813E-7,0.0,3.31628620689656E-7,-1.0965758620689291E-6,-2.1129827586205908E-7,-3.136724137930656E-6,-4.44163448275822E-5,0.0,-1.4103448275854307E-10,-1.3548275862060894E-10,0.0,2.2768275862071317E-7,-4.7821379310339414E-6,0.0,2.0462068965521294E-7,-0.0018584517241378642,-5.873282758620314E-6,-5.736248275861698E-6,6.212596551724182E-5,0.0,0.0,0.18807782758620448,-0.002344675862068867,-0.002224589655172317,-1.4238275862068223E-4,2.315448275862107E-7,4.2014482758621855E-6,
BZRXUSDT,0.0,0.0,0.0,0.0,0.0,0.0,0.0,0.0,0.0,0.0,0.0,0.0,0.0,0.0,0.0,0.0,0.0,0.0,0.0,0.0,0.0,0.0,0.0,0.0,0.0,0.0,0.0,0.0,0.0,0.0,0.0,0.0,0.0,0.0,0.0,0.0,0.0,0.0,0.0,0.0,0.0,0.0,0.0,0.0,0.0,0.0,0.0,0.0,0.0,0.0,0.0,0.0,0.0,0.0,0.0,0.0,0.0,0.0,0.0,0.0,0.0,0.0,0.0,0.0,0.0,0.0,0.0,0.0,0.0,0.0,0.0,0.0,0.0,0.0,0.0,0.0,0.0,0.0,0.0,0.0,0.0,0.0,0.0,0.0,0.0,0.0,0.0,0.0,0.0,0.0,0.0,0.0,0.0,0.0,0.0,0.0,0.0,0.0,0.0,0.0,0.0,0.0,0.0,0.0,0.0,0.0,0.0,0.0,0.0,0.0,0.0,0.0,0.0,0.0,0.0,0.0,0.0,0.0,0.0,0.0,0.0,0.0,0.0,0.0,0.0,0.0,0.0,0.0,0.0,0.0,0.0,0.0,0.0,0.0,0.0,0.0,0.0,0.0,0.0,0.0,0.0,0.0,0.0,0.0,0.0,0.0,0.0,0.0,0.0,0.0,0.0,0.0,0.0,0.0,0.0,0.0,0.0,0.0,0.0,0.0,0.0,0.0,0.0,0.0,0.0,0.0,0.0,0.0,0.0,0.0,0.0,0.0,0.0,0.0,0.0,0.0,0.0,
CELOUSDT,0.0,0.0,0.0,0.0,0.0,0.0,0.0,0.0,0.0,0.0,0.0,0.0,0.0,0.0,0.0,0.0,0.0,0.0,0.0,0.0,0.0,0.0,0.0,0.0,0.0,0.0,0.0,0.0,0.0,0.0,0.0,0.0,0.0,0.0,0.0,0.0,0.0,0.0,0.0,0.0,0.0,0.0,0.0,0.0,0.0,0.0,0.0,0.0,0.0,0.0,0.0,0.0,0.0,0.0,0.0,0.0,0.0,0.0,0.0,0.0,0.0,0.0,0.0,0.0,0.0,0.0,0.0,0.0,0.0,0.0,0.0,0.0,0.0,0.0,0.0,0.0,0.0,0.0,0.0,0.0,0.0,0.0,0.0,0.0,0.0,0.0,0.0,0.0,0.0,0.0,0.0,0.0,0.0,0.0,0.0,0.0,0.0,0.0,0.0,0.0,0.0,0.0,0.0,0.0,0.0,0.0,0.0,0.0,0.0,0.0,0.0,0.0,0.0,0.0,0.0,0.0,0.0,0.0,0.0,0.0,0.0,0.0,0.0,0.0,0.0,0.0,0.0,0.0,0.0,0.0,0.0,0.0,0.0,0.0,0.0,0.0,0.0,0.0,0.0,0.0,0.0,0.0,0.0,0.0,0.0,0.0,0.0,0.0,0.0,0.0,0.0,0.0,0.0,0.0,0.0,0.0,0.0,0.0,0.0,0.0,0.0,0.0,0.0,0.0,0.0,0.0,0.0,0.0,0.0,0.0,0.0,0.0,0.0,0.0,0.0,0.0,0.0,
CELRUSDT,0.002470581662068965,0.002463560028735632,4.6475073793103447E-4,1.4013200782758617,1.3991605952873565,3.318760804597701E-6,3.8690603448275863E-8,3.777364137931034E-8,-3.028517241379205E-7,0.0,0.0,0.0,1.9222046206896558E-5,1.8180498965517246E-6,0.0,0.020793727011494255,-9.155436781609172E-8,2.105895873563218E-5,0.0,0.0,2.960414034482759E-5,1.204813908045977E-5,2.6899920689655173E-6,0.013494181379310344,1.1310885057471264E-6,0.008773190011494252,7.353353448275864E-8,1.4160998850574714E-5,0.0,0.0,7.4764352183908055E-6,1.4529479770114943E-7,0.0,2.3104603448275864E-5,0.0,1.2110129195402299E-5,2.9957417471264365E-4,3.002699298850575E-4,3.794855298850576E-4,0.08595428931034484,0.08580216275862068,1.8130464367816082E-5,2.713812379310345E-5,0.0,0.0,0.0,0.0,3.4296904597701145E-6,2.5959073563218383E-4,6.732204367816094E-7,5.349382298850575E-4,0.0,9.836006896551722E-7,8.288272528735632E-5,0.0,5.771697356321837E-6,2.367774022988506E-5,0.0,7.138341149425289E-8,2.9589225287356323E-5,0.0,2.1325591954022982E-7,7.150085632183908E-5,1.3777097931034486E-6,4.3236547701149425E-5,2.4852384827586208E-5,0.0,0.001224594931034483,2.954138505747126E-7,2.670508908045977E-4,4.845647126436783E-5,0.0,0.004061387466666666,0.004054801171264368,0.0,1.1965330919540225E-5,1.902539183908046E-4,0.007383855057471264,0.007349250574712646,7.898012183908045E-6,0.0,6.169755712643678E-5,1.982288620689655E-6,-1.8011229885057403E-8,1.5399862068965518E-6,8.542190114942529E-7,1.966979540229885E-6,0.34173982712643675,1.533955287356321E-5,7.108548160919538E-5,0.0,0.0,0.0018708355287356327,0.0018666368620689656,4.910447471264368E-6,0.0,4.353734482758622E-5,0.0,7.284379310344828E-5,0.0,1.034313896551724E-4,3.0260078160919538E-6,2.13782183908046E-6,4.153742298850576E-5,0.0,0.0,0.0,-3.440954022988595E-7,2.871847770114943E-5,2.2322033563218388E-4,0.0,2.8024695402298854E-4,0.0,5.8345677241379314E-5,6.680740919540227E-4,0.0,1.7436222643678158E-4,0.0,0.0,0.0,1.7771539080459765E-6,0.0,-8.077011494249649E-11,0.0,0.0,9.204040804597702E-4,0.0012445200333333333,6.016000057471265E-4,3.9156373563218393E-7,1.2380359655172414E-4,3.591078045977012E-6,0.0,6.51980712643678E-5,0.0,0.0,0.0015931124367816092,6.158809425287354E-7,4.5719848275862086E-7,7.442700586206898E-5,2.641090149425287E-4,0.0,1.8104417908045981E-6,0.0,1.9829001149425286E-6,1.9734160919540226E-6,-3.762965517241208E-7,0.0,0.0,0.0,0.0,-3.04987356321835E-7,0.0,1.7413327701149424E-6,1.1481140344827587E-5,2.646155747126436E-7,7.315664942528734E-5,4.6160017471264366E-4,0.0,2.644187356321839E-8,2.6254421839080456E-8,0.0,2.9938799999999946E-6,3.495654712643679E-5,0.0,1.7658183908045992E-6,0.012757511839080464,4.9528270804597704E-5,4.951941563218393E-5,6.164836563218391E-4,0.0,0.0,2.789431047126437,0.01526381931034483,0.01536428540229885,0.0015891725287356323,4.4668294252873556E-6,3.2827855172413795E-5,
CHRUSDT,0.014763650703448275,0.014675585620689656,0.002049776544827586,8.007964697931033,7.972803457241378,1.9272157241379308E-5,2.009521379310345E-7,1.9582666206896546E-7,-3.7520137931033217E-6,0.0,0.0,1.9222046206896558E-5,0.0,8.858441172413796E-6,0.0,0.08865023448275862,2.4326896551725326E-8,1.2854486689655172E-4,0.0,0.0,1.6014609448275862E-4,7.750804827586206E-5,1.7734853103448276E-5,0.07287176275862069,-5.868775862068965E-6,0.04661412910344827,3.7749934482758633E-7,1.0846410344827586E-4,0.0,0.0,4.026688468965517E-5,7.72850468965517E-7,0.0,1.1460617241379313E-4,0.0,4.167427103448277E-5,0.001845060268965517,0.0018537830551724132,0.002788872979310344,0.5052704682758622,0.5037863462068966,1.267302620689655E-4,1.3980811310344827E-4,0.0,0.0,0.0,0.0,2.169595103448276E-5,0.0014026846896551728,4.838347655172413E-6,0.004689926724137932,0.0,7.30962896551724E-6,3.9986242758620685E-4,0.0,3.353116137931034E-5,1.3963064137931036E-4,0.0,4.460944551724139E-7,1.5023028965517238E-4,0.0,1.4342613793103441E-6,4.11502448275862E-4,8.952294068965517E-6,1.9524345172413791E-4,1.1216633862068967E-4,0.0,0.006542364689655171,1.8377572413793098E-6,0.0012064509310344828,9.329799999999999E-5,0.0,0.01844874684137931,0.018390078124137933,0.0,3.693760551724135E-5,0.0010543784344827587,0.04532390896551724,0.045167624137931024,5.2031135862068954E-5,0.0,3.078193234482759E-4,8.896584137931032E-6,2.8386206896603443E-10,8.399327586206898E-6,5.306525724137933E-6,1.629880275862069E-5,2.3170653255172415,1.0647835862068959E-4,3.290415379310344E-4,0.0,0.0,0.010531914965517239,0.01050087475862069,2.9513969655172416E-5,0.0,2.3784889655172422E-4,0.0,3.8650782758620694E-4,0.0,7.43692537931034E-4,1.763844551724138E-5,9.892655172413793E-6,1.7858200689655176E-4,0.0,0.0,0.0,-4.309662068965555E-6,1.8234261172413795E-4,0.0018008559241379308,0.0,0.0013363875862068971,0.0,2.5012783724137936E-4,0.008549650482758617,0.0,4.158784758620687E-4,0.0,0.0,0.0,8.886239999999999E-6,0.0,-3.006640689655171E-7,0.0,0.0,0.004707395172413793,0.005625038400000001,0.002724914206896552,2.5802982758620694E-6,6.55618848275862E-4,2.1309950344827585E-5,0.0,3.6422071724137925E-4,0.0,0.0,0.01057416475862069,4.349395448275861E-6,1.983000068965518E-6,3.7778287034482747E-4,0.0016633384551724137,0.0,1.1490067696551727E-5,0.0,1.147335310344827E-5,1.1366275862068958E-5,-4.664937931034321E-6,0.0,0.0,0.0,0.0,-4.100917241379245E-6,0.0,7.42775082758621E-6,6.810215310344827E-5,2.946342758620689E-6,4.409217586206897E-4,0.0024888436137931037,0.0,1.461940344827586E-7,1.4507402758620687E-7,0.0,9.420918620689637E-6,2.533212206896552E-4,0.0,2.484365517241387E-6,0.07151015586206898,2.6135411862068965E-4,2.6083870137931037E-4,0.0028857304965517246,0.0,0.0,13.94158998275862,0.08180558344827585,0.08194462137931036,0.009576744137931036,2.2918473793103447E-5,1.4649188275862068E-4,
CHZUSDT,0.0016055273489655171,0.0016124026500000004,3.7771059103448276E-4,0.9529742371379312,0.9521528028620689,3.1032618275862075E-6,2.832770172413793E-8,2.778181586206897E-8,-3.481275862067594E-8,0.0,0.0,1.8180498965517246E-6,8.858441172413796E-6,0.0,0.0,0.018141678103448283,-4.422072413793086E-8,1.279296403448276E-5,0.0,0.0,1.9503853689655174E-5,8.021240344827585E-6,1.6882495517241385E-6,0.009531046413793105,3.2939110344827604E-6,0.008261454851724135,5.05408879310345E-8,6.831427241379311E-6,0.0,0.0,5.110760303448277E-6,1.2391074758620687E-7,0.0,1.811625E-5,0.0,9.732583724137934E-6,2.1247641862068975E-4,2.130309493103449E-4,2.426102679310346E-4,0.06273572617241378,0.06270181144827588,1.1782126896551731E-5,1.9037257551724143E-5,0.0,0.0,0.0,0.0,2.168597206896552E-6,1.8240944137931037E-4,3.4850667586206905E-7,1.9350798620689652E-4,0.0,5.440276551724139E-7,6.602698172413792E-5,0.0,4.242703068965518E-6,1.4721206206896553E-5,0.0,4.7319298620689674E-8,2.7137724827586214E-5,0.0,1.487572931034483E-7,5.090659482758621E-5,7.94491979310345E-7,4.123983982758621E-5,2.3413245379310347E-5,0.0,7.970979931034484E-4,1.9371170689655168E-7,2.5566562586206896E-4,5.4194417241379335E-5,0.0,0.0035293554455172417,0.0035230834148275865,0.0,1.256858148275862E-5,1.420344562068966E-4,0.005113699413793104,0.005118548275862072,4.1840800689655155E-6,0.0,4.0991327206896555E-5,1.911316103448276E-6,5.6412175862068955E-8,1.37983275862069E-6,4.949879586206897E-7,7.723435862068967E-7,0.20973723868965521,9.97054724137931E-6,6.062107000000002E-5,0.0,0.0,0.0014036950241379314,0.0014082632034482761,3.1798234827586216E-6,0.0,2.7862024137931046E-5,0.0,6.0096517241379314E-5,0.0,6.948629758620689E-5,1.8194915862068968E-6,1.7981603448275871E-6,3.67421779310345E-5,0.0,0.0,0.0,-4.8048620689643076E-8,1.747536006896552E-5,1.0009951517241378E-4,0.0,2.2828391379310346E-4,0.0,4.834936427586208E-5,-1.4525551034482787E-4,0.0,1.9457610655172417E-4,0.0,0.0,0.0,1.6553559655172414E-6,0.0,3.8154968965517275E-8,0.0,0.0,8.040706724137931E-4,0.0012018671527586208,6.007720189655173E-4,2.7867639655172423E-7,1.1728337689655174E-4,2.5732007931034486E-6,0.0,4.637177724137931E-5,0.0,0.0,0.001064239427586207,3.559944620689654E-7,4.630491241379314E-7,6.192968886206899E-5,1.692810348275862E-4,0.0,8.849872848275864E-7,0.0,1.5501095517241378E-6,1.5455893103448276E-6,-7.705724137929642E-8,0.0,0.0,0.0,0.0,-3.099068965516387E-8,0.0,1.3631920586206898E-6,6.778195413793105E-6,1.0807568965517237E-8,4.6360350000000014E-5,4.5621165655172416E-4,0.0,1.7585286206896556E-8,1.7519796206896554E-8,0.0,7.323474551724137E-6,2.7363735172413796E-5,0.0,2.1722765517241404E-6,0.008977752793103451,3.9959677655172416E-5,3.9914020413793124E-5,4.847242058620691E-4,0.0,0.0,2.114873297586207,0.011273391241379313,0.011287848655172416,8.846216896551727E-4,3.169746620689655E-6,2.5675378620689658E-5,
CKBUSDT,0.0,0.0,0.0,0.0,0.0,0.0,0.0,0.0,0.0,0.0,0.0,0.0,0.0,0.0,0.0,0.0,0.0,0.0,0.0,0.0,0.0,0.0,0.0,0.0,0.0,0.0,0.0,0.0,0.0,0.0,0.0,0.0,0.0,0.0,0.0,0.0,0.0,0.0,0.0,0.0,0.0,0.0,0.0,0.0,0.0,0.0,0.0,0.0,0.0,0.0,0.0,0.0,0.0,0.0,0.0,0.0,0.0,0.0,0.0,0.0,0.0,0.0,0.0,0.0,0.0,0.0,0.0,0.0,0.0,0.0,0.0,0.0,0.0,0.0,0.0,0.0,0.0,0.0,0.0,0.0,0.0,0.0,0.0,0.0,0.0,0.0,0.0,0.0,0.0,0.0,0.0,0.0,0.0,0.0,0.0,0.0,0.0,0.0,0.0,0.0,0.0,0.0,0.0,0.0,0.0,0.0,0.0,0.0,0.0,0.0,0.0,0.0,0.0,0.0,0.0,0.0,0.0,0.0,0.0,0.0,0.0,0.0,0.0,0.0,0.0,0.0,0.0,0.0,0.0,0.0,0.0,0.0,0.0,0.0,0.0,0.0,0.0,0.0,0.0,0.0,0.0,0.0,0.0,0.0,0.0,0.0,0.0,0.0,0.0,0.0,0.0,0.0,0.0,0.0,0.0,0.0,0.0,0.0,0.0,0.0,0.0,0.0,0.0,0.0,0.0,0.0,0.0,0.0,0.0,0.0,0.0,0.0,0.0,0.0,0.0,0.0,0.0,
COMPUSDT,-2.9408800689655155,-2.785404304597697,2.3592049310344834,-1082.8289706896549,-1028.3527063218382,0.030709452298850574,4.133033275862068E-4,4.047226896551725E-4,0.00472860344827589,0.0,0.0,0.020793727011494255,0.08865023448275862,0.018141678103448283,0.0,0.0,0.01085784540229885,0.16237707988505748,0.0,0.0,0.2441285189655173,0.18755297126436785,0.03461778448275864,14.371896551724141,0.08669210114942531,6.814262126436794,5.121167068965519E-4,0.0075127528735632314,0.0,0.0,0.05394641643678162,4.42558574712644E-4,0.0,0.23287081034482765,0.0,0.237761883908046,-0.5579421954022976,-0.554318350574713,-4.575817867816093,31.110912068965607,31.763203448275927,-0.07767716091954026,0.10101675344827592,0.0,0.0,0.0,0.0,0.02932572471264368,-1.0549597701149418,0.0016922808045977031,-1.5345047471264361,0.0,0.011119568965517244,0.9447873850574712,0.0,0.045215310919540244,0.1634891494252874,0.0,4.398231954022991E-4,0.5173115747126438,0.0,0.004850630632183909,0.4480575229885058,0.011668964137931037,0.6742562212643679,0.38452292758620693,0.0,11.402876000000004,0.0036553278735632186,4.130850695402299,1.927166494252874,0.0,45.0036261954023,44.89738640804598,0.0,0.21085174770114945,1.578013729885058,-34.453486781609215,-34.44604022988504,0.06793085057471265,0.0,0.5849517063218392,0.03029168448275862,-3.2346683908046007E-4,0.023771296551724143,0.009363113333333336,0.012902821839080461,-36.826567816091796,0.2613661781609195,1.0344690632183913,0.0,0.0,10.013785574712648,9.888395344827586,0.047854047701149434,0.0,0.5023017931034484,0.0,1.1236162413793105,0.0,0.9558150862068968,0.013044508045977015,0.12217566091954025,0.7339879425287358,0.0,0.0,0.0,0.004683729885057463,0.012508533333333318,-0.15049773563218338,0.0,1.4716940804597698,0.0,0.5810133931034485,2.1257421839080437,0.0,4.364806166666668,0.0,0.0,0.0,0.01475274195402299,0.0,0.001591852701149425,0.0,0.0,7.20937591954023,19.285925787356323,9.304556683908046,0.0015904148850574718,0.34536822413793106,0.04294582471264369,0.0,0.5510923908045978,0.0,0.0,10.016929080459773,0.009310154712643674,0.004907932413793108,0.5802083396551726,2.1711954540229885,0.0,0.008336892195402302,0.0,0.0046819729885057525,0.004836721839080462,0.004410206896551635,0.0,0.0,0.0,0.0,0.00486078735632186,0.0,0.022143375229885055,0.04500483275862071,-0.0012947883333333332,0.7207832816091957,4.995587287356322,0.0,2.441677126436782E-4,2.4367769540229887E-4,0.0,0.13692151034482758,0.6039533563218392,0.0,-0.003045028735632163,5.308448850574752,-0.039380370114942484,-0.03815884942528716,7.978213764367816,0.0,0.0,34908.362532183906,-11.531944827586202,-8.9287005747126,9.963373678160924,0.04757501264367817,0.468169724137931,
