 ,BNBUSDC,BNBUSDT,BNTUSDT,BTCUSDC,BTCUSDT,BTSUSDT,BTTUSDC,BTTUSDT,BUSDUSDT,BZRXUSDT,CELOUSDT,CELRUSDT,CHRUSDT,CHZUSDT,CKBUSDT,COMPUSDT,COSUSDT,COTIUSDT,CRVUSDT,CTKUSDT,CTSIUSDT,CTXCUSDT,CVCUSDT,DASHUSDT,DATAUSDT,DCRUSDT,DENTUSDT,DGBUSDT,DIAUSDT,DNTUSDT,DOCKUSDT,DOGEUSDT,DOTUSDT,DUSKUSDT,EGLDUSDT,ENJUSDT,EOSUSDC,EOSUSDT,ETCUSDT,ETHUSDC,ETHUSDT,EURUSDT,FETUSDT,FILUSDT,FIOUSDT,FIROUSDT,FLMUSDT,FTMUSDT,FTTUSDT,FUNUSDT,GBPUSDT,GRTUSDT,GTOUSDT,GXSUSDT,HARDUSDT,HBARUSDT,HIVEUSDT,HNTUSDT,HOTUSDT,ICXUSDT,INJUSDT,IOSTUSDT,IOTAUSDT,IOTXUSDT,IRISUSDT,JSTUSDT,JUVUSDT,KAVAUSDT,KEYUSDT,KMDUSDT,KNCUSDT,KSMUSDT,LINKUSDC,LINKUSDT,LITUSDT,LRCUSDT,LSKUSDT,LTCUSDC,LTCUSDT,LTOUSDT,LUNAUSDT,MANAUSDT,MATICUSDT,MBLUSDT,MDTUSDT,MFTUSDT,MITHUSDT,MKRUSDT,MTLUSDT,NANOUSDT,NBSUSDT,NEARUSDT,NEOUSDC,NEOUSDT,NKNUSDT,NMRUSDT,NULSUSDT,OCEANUSDT,OGNUSDT,OGUSDT,OMGUSDT,ONEUSDT,ONGUSDT,ONTUSDT,ORNUSDT,OXTUSDT,PAXGUSDT,PAXUSDT,PERLUSDT,PNTUSDT,PSGUSDT,QTUMUSDT,REEFUSDT,RENUSDT,REPUSDT,RIFUSDT,RLCUSDT,ROSEUSDT,RSRUSDT,RUNEUSDT,RVNUSDT,SANDUSDT,SCUSDT,SFPUSDT,SKLUSDT,SNXUSDT,SOLUSDT,SRMUSDT,STMXUSDT,STORJUSDT,STPTUSDT,STRAXUSDT,STXUSDT,SUSDUSDT,SUSHIUSDT,SXPUSDT,TCTUSDT,TFUELUSDT,THETAUSDT,TOMOUSDT,TRBUSDT,TROYUSDT,TRUUSDT,TRXUSDC,TRXUSDT,TUSDUSDT,TWTUSDT,UMAUSDT,UNFIUSDT,UNIUSDT,USDCUSDT,UTKUSDT,VETUSDT,VITEUSDT,VTHOUSDT,WANUSDT,WAVESUSDT,WINGUSDT,WINUSDC,WINUSDT,WNXMUSDT,WRXUSDT,WTCUSDT,XEMUSDT,XLMUSDT,XMRUSDT,XRPUSDC,XRPUSDT,XTZUSDT,XVSUSDT,YFIIUSDT,YFIUSDT,ZECUSDC,ZECUSDT,ZENUSDT,ZILUSDT,ZRXUSDT,
BNBUSDC,0.0,2.437746608172413,0.5052027137816091,1103.9461312034475,1106.9192131517239,0.003020906117241378,4.7772919344827584E-5,4.786776148275861E-5,2.818839885057477E-4,0.0,0.0,0.0024121879160919533,0.0035599701758620675,0.002999425476551724,0.0,16.21157507011494,-1.6653366666666608E-5,0.015858685320689653,1.5871017226436783,0.0,0.024892656188505745,0.007331299747126435,0.0037906397873563227,12.174823716091954,0.005303115098850574,9.869497045862065,6.678645974712642E-5,0.005140478240229885,0.0,0.0,0.0064858491818390795,1.8712319829885062E-4,0.3956554770114942,0.021879405643678154,0.0,0.016041104206896552,0.3992275562413793,0.4004674153448276,0.24230409374712644,76.14147957701144,76.18422751264367,0.010265245149425279,0.037373051096551715,0.0,0.0,0.0,0.0,0.005830782889655171,0.23155477551724146,2.521472052873561E-4,0.018095971379310356,0.0,3.9304927241379304E-4,0.06741918211494251,0.0,0.005068432824137929,0.021424612632183898,0.0,5.2665230540229876E-5,0.051703493080459774,0.0,4.2784933919540235E-4,0.06318936722988504,7.674524932183905E-4,0.04547487485057471,0.02621809924482758,0.0,1.1086465487816088,2.0643943080459764E-4,0.3032301719655172,0.12049959597701144,0.0,4.829912486850573,4.836182174609194,0.0,0.031037172983908037,0.22727955020689652,7.609752749425287,7.631273878160922,0.008977701351724135,0.0,0.05215761185977009,0.0033120759402298842,3.451203758620696E-5,0.0017421538942528725,3.9725933999999996E-4,1.275522333333334E-4,141.1771606310344,0.010769478022988502,0.10373357888505745,0.0,0.0,2.0964307193103444,2.1219115847126435,0.004752434440229884,3.6876569129885057,0.029047260816091967,0.04816175310344827,0.05517876612643677,0.0,0.5120149859885058,0.0022086911172413785,0.005245678057471262,0.0631244102183908,0.0,0.0,0.0,3.5050243678161125E-4,0.01891878036206896,-0.02241934989655175,0.0,0.5097891348275861,0.0,0.11751242970689653,-0.3769124990804601,0.0,0.27964914440229865,0.0,0.0,0.0,0.002491901395402299,0.021154653469655168,1.9326694908045977E-4,0.0,0.0,1.405374872643678,1.2257342310344825,0.6498441746666666,1.991622883908046E-4,0.15253932183908042,0.005056622108045977,0.0,0.0571928224597701,0.0,0.0,0.7335585024137927,5.227475282758619E-4,7.14182747356322E-4,0.07922133850804597,0.16304082779310344,0.0,8.64150099252874E-4,0.0,0.0040016828954022995,0.004006870598850574,3.5621294252873606E-4,0.0,0.0,0.0,0.0,3.365698620689668E-4,0.0,0.0018095228139080452,0.00670955911724138,-2.148557434482759E-4,0.05888947805747124,0.9668102345402299,0.0,2.0496593563218384E-5,2.0583620425287357E-5,0.0,0.008899006859770112,0.03834889732183908,0.0,0.007101342086206898,11.419032378160916,0.053642816960919555,0.05370376345747128,0.5080921836781607,0.0,0.0,3535.2504267195395,13.725796660919539,13.859851277011495,0.8207860275862063,0.0033670865206896546,0.07494783249425284,
BNBUSDT,2.437746608172413,0.0,0.5093647042413791,1109.303604755172,1112.3342825310342,0.0030399754965517254,4.812183244827585E-5,4.8215500103448276E-5,2.8869617241379365E-4,0.0,0.0,0.0024320349620689657,0.003589386106896553,0.003025176948965516,0.0,16.473419644827594,-1.2658044827585854E-5,0.016016081699999997,1.5875727927586207,0.0,0.025102959337931028,0.007425058482758622,0.003820967534482759,12.254754072413792,0.00536713886896552,9.96519986310345,6.750007744827583E-5,0.005182449320689655,0.0,0.0,0.006559519791034483,1.8834319255172415E-4,0.40176312068965525,0.02216579196551724,0.0,0.016203190103448274,0.39994870244827585,0.40125550568965523,0.23969354351724126,76.70313511724135,76.74681624827585,0.010290666068965507,0.03760739175172414,0.0,0.0,0.0,0.0,0.005877962993103448,0.23194981689655175,2.532088937931032E-4,0.018223914137931046,0.0,4.0058892758620707E-4,0.06815559682758619,0.0,0.005112786479310343,0.021624947344827585,0.0,5.3143094448275856E-5,0.052183999517241376,0.0,4.301390886206896E-4,0.06371484872413793,7.769810196551725E-4,0.0460654224137931,0.02655083476206896,0.0,1.1181526216551725,2.08977791724138E-4,0.30733096024137924,0.12171794999999999,0.0,4.874003455586205,4.880440924034483,0.0,0.03133708973103448,0.22914346158620694,7.627719737931035,7.650919165517241,0.009036745662068964,0.0,0.052744168641379305,0.003335729365517242,3.529775827586212E-5,0.0017641030896551721,4.0040956758620694E-4,1.3162348620689678E-4,142.4546086310345,0.010868328137931033,0.10462781141379303,0.0,0.0,2.11165694,2.1370726858620683,0.004791659003448276,3.8082381348275858,0.029334284379310353,0.04974459103448275,0.055782225896551726,0.0,0.5168396223103447,0.0022238302206896545,0.005295896793103445,0.06338836527586207,0.0,0.0,0.0,3.574787586206916E-4,0.019058624120689652,-0.022269579551724126,0.0,0.5129063520689655,0.0,0.11847133401724139,-0.38415824275862065,0.0,0.2824310503793103,0.0,0.0,0.0,0.0025094957862068965,0.02138019032137931,1.9412125482758615E-4,0.0,0.0,1.4185151013793105,1.2423545396551723,0.6589966804137929,2.0190179068965523E-4,0.15401279724137928,0.005111546924137931,0.0,0.05782222613793103,0.0,0.0,0.7434436679310347,5.286609179310346E-4,7.195452565517241E-4,0.07990385597931036,0.16475975641379312,0.0,8.697910263793105E-4,0.0,0.0040223444931034484,0.004028049644827587,3.6288075862068997E-4,0.0,0.0,0.0,0.0,3.435281379310359E-4,0.0,0.0018228075679310343,0.00676285280689655,-2.167125089655172E-4,0.059524102999999995,0.9758779781034483,0.0,2.066621379310344E-5,2.0751728241379307E-5,0.0,0.009031538158620692,0.038891200655172424,0.0,0.007111306706896553,11.501507941379309,0.054039921627586196,0.054100832951724125,0.51247221,0.0,0.0,3574.4918256965516,13.804036741379313,13.94297502413793,0.828959451724138,0.0034007480034482767,0.07550391617241378,
BNTUSDT,0.5052027137816091,0.5093647042413791,0.0,234.96174065862067,235.85405240000006,5.11182331034483E-4,9.146558931034487E-6,9.081507137931035E-6,8.00516436781615E-5,0.0,0.0,4.6278537126436784E-4,0.0010315510655172413,5.03997551034483E-4,0.0,4.046211918390806,-1.3626863218390766E-5,0.0029887744724137934,0.11624139229885061,0.0,0.005864568754022988,0.0017864048505747126,5.70496132183908E-4,3.1073590885057483,0.0010518248436781614,2.3774534472413786,1.8084328643678164E-5,0.0010114666333333334,0.0,0.0,0.001626694434252874,4.540566940229883E-5,0.02030337356321839,0.005477686195402299,0.0,0.004813444068965517,0.05879396341379309,0.05904048431034484,0.02512996774712646,15.683872445977011,15.7041733954023,0.0017339837011494232,0.006770990455172413,0.0,0.0,0.0,0.0,9.136097310344826E-4,0.04897245896551723,2.3888128045976975E-5,0.0037675106896551723,0.0,1.0260010689655175E-4,0.013286768804597704,0.0,9.475602448275861E-4,0.004392470011494252,0.0,1.2902632678160922E-5,0.009005813011494255,0.0,5.934988954022989E-5,0.013063766678160919,1.56618878045977E-4,0.0075296190574712625,0.004250259134482758,0.0,0.27825358926436783,5.121270597701149E-5,0.04745450389655171,0.03137345114942529,0.0,1.0094497842988503,1.0099507630919542,0.0,0.005975029763218391,0.046209723931034494,1.273865687356322,1.2761452022988509,0.001933513165517241,0.0,0.013745830266666667,5.981281402298853E-4,6.2428279310345E-6,3.377679908045978E-4,9.578546689655171E-5,9.286470919540233E-5,24.066802093103448,0.0024726982988505734,0.020837276747126432,0.0,0.0,0.3831757048275862,0.38661330954022977,9.368458126436779E-4,0.31719020885057486,0.009287395850574712,0.004104274482758623,0.012844597091954024,0.0,0.0643661837816092,4.4203008965517233E-4,0.0014252037816091954,0.012392401390804603,0.0,0.0,0.0,9.120457471264374E-5,0.004321322086206897,0.00901281713793103,0.0,0.09294396172413796,0.0,0.01791381284482759,-0.06588750321839082,0.0,0.07124495881609194,0.0,0.0,0.0,5.157689264367815E-4,0.0018373491889655167,3.192972563218393E-5,0.0,0.0,0.2584883457471265,0.20864863551724144,0.10601359763218392,3.711849666666667E-5,0.033524158045977,7.506362597701149E-4,0.0,0.013216249494252874,0.0,0.0,0.15271150103448275,1.0288432344827587E-4,1.535095652873564E-4,0.0167438443770115,0.03502447117241379,0.0,1.6184300890804604E-4,0.0,5.212606678160922E-4,5.220803436781608E-4,9.291970114942294E-5,0.0,0.0,0.0,0.0,8.988772413792976E-5,0.0,5.614363297701149E-4,0.0017371871586206896,-4.7730615172413815E-5,0.011071869988505748,0.12840941178160922,0.0,4.98452459770115E-6,4.9716198045977006E-6,0.0,0.001479039128735632,0.006539367735632186,0.0,0.001349478051724138,2.7363400126436788,0.011888037050574713,0.01190688551954023,0.1248530098850575,0.0,0.0,521.0774563954024,3.77573390229885,3.801444745977012,0.2429692965517241,9.561659275862068E-4,0.012429013597701145,
BTCUSDC,1103.9461312034475,1109.303604755172,234.96174065862067,0.0,635286.0816165515,1.5466169751724133,0.022097143886206896,0.022072533210344816,0.1118967689655159,0.0,0.0,1.1825419768965517,1.8373224024137929,1.445318726689655,0.0,7250.820982413795,-0.11295503137931028,7.281196493448275,661.7773135517241,0.0,11.773561991724138,3.253521179310344,1.6347193775862068,6168.340361034484,2.2791654082758632,5054.717521758621,0.03221557555862069,2.3496225313793104,0.0,0.0,3.1370256513103443,0.08249189775172412,184.04790862068967,10.162728858620687,0.0,6.53048160689655,206.64239881724146,206.78941998275855,176.1282859103448,37349.666571724134,37352.518446206894,6.182448420689657,18.69745642275862,0.0,0.0,0.0,0.0,2.489715505517241,128.84824837931032,0.1336613766896551,10.01439403448277,0.0,0.08265851482758624,36.800898848275864,0.0,2.516301349310344,10.60182465862069,0.0,0.023992808079310337,21.353877662068964,0.0,0.17747452962068966,30.93211679655171,0.3348591203103447,23.09717612758621,13.307727581724134,0.0,509.08476360689633,0.08680457972413792,152.7725737551724,44.01319637931035,0.0,2237.269882462069,2239.2321138586203,0.0,12.499048470344823,104.40690859310345,4200.871375172413,4200.400926206896,3.2133882772413784,0.0,25.31250514551724,1.4864649282758622,0.024926825965517267,0.7728615937931033,0.1887482214482758,-0.06305656310344815,72044.97299344827,3.5060354896551718,44.94729357586205,0.0,0.0,1020.1329579999999,1031.8648011379307,2.091874174827586,1686.0197736896546,10.940414203448276,22.040774896551714,26.837547920689644,0.0,216.74355854827584,1.1581125958620693,1.8155860999999986,29.512346589655166,0.0,0.0,0.0,0.12788985517241536,9.71703248448276,-13.860486341379321,0.0,224.0569454137931,0.0,54.20414848448274,-430.03120027586186,0.0,130.27047664482757,0.0,0.0,0.0,1.1495478227586204,8.733367640827582,0.08638599113793101,0.0,0.0,630.9912706206895,630.0602773448276,329.80708363448275,0.12789716175862073,76.19562686206893,2.1132685951724137,0.0,25.451728399999986,0.0,0.0,348.39271582758624,0.1684401477241379,0.3186901551034483,37.25567660965517,70.64193200689655,0.0,0.4497658166034482,0.0,1.8571808244827583,1.8577453548275862,0.14478915172413942,0.0,0.0,0.0,0.0,0.1331346965517228,0.0,0.727050389965517,3.44819296137931,-0.12465173213793107,25.716449099999984,440.46199094827585,0.0,0.009993020827586206,0.010025708320689653,0.0,3.7446517041379326,13.684028768965518,0.0,2.7406197706896545,5776.200441724137,26.355416301379304,26.395339173103444,229.6385505862068,0.0,0.0,1748497.1301324137,6752.762860344828,6811.780896206897,323.7012558620688,1.5768837610344824,32.665984113793094,
BTCUSDT,1106.9192131517239,1112.3342825310342,235.85405240000006,635286.0816165515,0.0,1.5472758475862072,0.02216213617931034,0.022136744365517234,0.11484182068965391,0.0,0.0,1.1860804165517236,1.8451523317241392,1.4467101601379309,0.0,7299.149422068969,-0.11312409862068952,7.313567502068966,663.8840516551725,0.0,11.824846967586208,3.268505213793104,1.6405208241379314,6184.797586896551,2.2809887048275876,5071.960639862068,0.032343015662068965,2.358434605517241,0.0,0.0,3.151006600965517,0.08279537778620691,185.15969310344826,10.19838856551724,0.0,6.563203444827586,206.88476704137932,207.0340076551723,175.87236377241376,37453.40808896551,37457.442949655175,6.186090903448274,18.73793946413793,0.0,0.0,0.0,0.0,2.499180146896551,128.9455230344827,0.13389093289655163,10.041984034482772,0.0,0.08346153724137953,36.92788546896553,0.0,2.524705426896551,10.623227710344828,0.0,0.024065585303448277,21.403110558620696,0.0,0.17786222186206896,31.035941124137928,0.336814661862069,23.19183815517241,13.363009614482758,0.0,511.08464605517224,0.08700630351724138,153.4111992551724,44.13739862068967,0.0,2245.0052827724135,2247.000493324138,0.0,12.54085046689655,104.62799090344829,4205.229606206896,4204.91656413793,3.226143597931033,0.0,25.420702031724133,1.489444655862069,0.02497496751724139,0.7746195868965519,0.1900396517931035,-0.0621186268965515,72300.63028482758,3.530257351724138,45.13507283448274,0.0,0.0,1023.3975942068965,1035.0813637241376,2.098938348965517,1700.730766965517,11.032431703448278,22.233102620689646,26.915631041379307,0.0,217.6915965310344,1.1603226027586209,1.8269839793103437,29.5833499862069,0.0,0.0,0.0,0.1312862344827602,9.741260324137935,-13.90848984137931,0.0,224.82080248275858,0.0,54.385907237931036,-431.899082,0.0,130.61232500689653,0.0,0.0,0.0,1.1518910124137933,8.742402922206896,0.08666720372413793,0.0,0.0,633.3532633793102,632.7189656896552,331.0361525655173,0.12805366986206906,76.41644851724135,2.1239385537931037,0.0,25.5532509862069,0.0,0.0,349.7894656551725,0.16927601255172417,0.3198826819999999,37.411151347586205,70.85854462758621,0.0,0.4513072543793104,0.0,1.859899143448276,1.8605522772413794,0.1481135310344843,0.0,0.0,0.0,0.0,0.13647079999999875,0.0,0.7310948666896548,3.461898182068966,-0.12493848558620689,25.845695496551716,441.0176716551723,0.0,0.010028717137931034,0.010060818786206894,0.0,3.7282297041379335,13.739879062068967,0.0,2.7516185344827595,5791.877015862071,26.438155039310345,26.4791343662069,230.91030524137932,0.0,0.0,1757339.5544703447,6771.69262413793,6831.866639310342,326.0749599999999,1.5843409248275866,32.76865799310344,
BTSUSDT,0.003020906117241378,0.0030399754965517254,5.11182331034483E-4,1.5466169751724133,1.5472758475862072,0.0,1.2925490344827582E-7,1.290188137931034E-7,3.566482758620813E-7,0.0,0.0,6.687006206896553E-6,1.7426624827586205E-5,8.794908068965517E-6,0.0,0.0761165875862069,1.406349655172414E-6,4.383807793103447E-5,0.004669884413793104,0.0,5.647456068965517E-5,3.303100689655172E-5,1.1268920689655176E-5,0.014621638620689655,2.101700137931035E-5,0.012795329172413794,1.1637955862068968E-7,1.2440846896551725E-5,0.0,0.0,1.2623530965517243E-5,2.606143379310344E-7,7.191586206896554E-4,5.6466048275862065E-5,0.0,3.1869800000000004E-5,8.503814896551725E-4,8.517049999999997E-4,2.2369197931034447E-4,0.12194095448275864,0.12190970137931034,1.5946524137931034E-5,7.547570206896551E-5,0.0,0.0,0.0,0.0,1.4645084827586207E-5,2.223944137931035E-4,1.0306166896551722E-6,2.16706551724138E-5,0.0,2.1918234482758624E-6,2.2425536551724134E-4,0.0,1.4290585517241375E-5,5.2856641379310316E-5,0.0,1.2430537241379312E-7,1.7057221379310344E-4,0.0,1.5367715172413792E-6,1.5787095172413793E-4,2.463803931034483E-6,1.789467689655172E-4,1.0308939034482758E-4,0.0,0.002510141227586207,7.250373103448274E-7,0.001146250668965517,3.701693103448276E-4,0.0,0.012736883979310344,0.012732971048275858,0.0,7.773157034482759E-5,5.664079379310345E-4,0.010561333793103448,0.01059631931034483,1.8096549655172415E-5,0.0,1.1253565586206892E-4,1.0397221379310344E-5,7.662993103448284E-8,5.972476551724136E-6,1.5269169655172413E-6,1.7707524137931031E-6,0.2791592813793104,5.546052413793103E-5,2.6270880000000006E-4,0.0,0.0,0.0047360017931034485,0.004791823379310344,1.4109386896551724E-5,0.0046066073103448275,5.8104255172413796E-5,6.01309655172414E-5,2.3386755862068957E-4,0.0,0.00119740584137931,5.414313103448275E-6,1.8134634482758616E-5,1.922567793103448E-4,0.0,0.0,0.0,3.371655172413948E-7,2.6757455172413793E-5,-8.508325517241384E-5,0.0,9.889635172413793E-4,0.0,2.798986448275862E-4,2.5792317241379246E-4,0.0,8.361510413793102E-4,0.0,0.0,0.0,5.723467586206897E-6,5.972725151724137E-5,5.517261379310343E-7,0.0,0.0,0.0033796778620689646,0.004897413206896552,0.002524721462068966,7.125840000000002E-7,2.712274137931035E-4,1.500477448275862E-5,0.0,1.399928137931034E-4,0.0,0.0,0.002576181517241379,2.030601862068965E-6,1.5534220000000002E-6,1.784198406896552E-4,5.286968344827586E-4,0.0,2.4691099655172413E-6,0.0,9.56479172413793E-6,9.56162896551724E-6,3.6911724137932667E-7,0.0,0.0,0.0,0.0,3.7845517241381797E-7,0.0,2.973198758620688E-6,1.1448178620689655E-5,-4.5446972413793103E-7,1.8894904827586206E-4,0.0028879979999999997,0.0,5.088110344827585E-8,5.134140689655171E-8,0.0,4.240422827586207E-5,1.5422168275862065E-4,0.0,9.914896551724139E-6,0.013369643448275865,6.527009793103447E-5,6.524307655172416E-5,0.0014864149655172412,0.0,0.0,10.151003808275862,0.010268520689655173,0.010565663448275864,0.0014768806896551727,8.114659310344827E-6,1.9876778620689652E-4,
BTTUSDC,4.7772919344827584E-5,4.812183244827585E-5,9.146558931034487E-6,0.022097143886206896,0.02216213617931034,1.2925490344827582E-7,0.0,1.984541689655172E-9,7.469551724137995E-9,0.0,0.0,9.457040344827584E-8,2.495576655172413E-7,1.1044284E-7,0.0,9.92644624137931E-4,2.133083103448276E-8,6.520799965517242E-7,6.40886920689655E-5,0.0,8.671770482758622E-7,4.660399310344828E-7,1.8188022413793103E-7,2.394598034482759E-4,2.6672136551724143E-7,1.810252651724138E-4,1.996047862068966E-9,1.7542492758620686E-7,0.0,0.0,2.0573296965517241E-7,3.973874551724137E-9,1.4799879310344823E-5,7.753565862068965E-7,0.0,5.627947931034481E-7,1.1696413551724139E-5,1.1708492931034478E-5,1.6014646896551679E-6,0.0016640839379310347,0.0016637691931034482,1.6466717241379282E-7,1.171764117241379E-6,0.0,0.0,0.0,0.0,2.2410035862068963E-7,3.0510610344827594E-6,1.3398402068965513E-8,2.992772413793108E-7,0.0,3.201261034482759E-8,2.9052622068965508E-6,0.0,2.029978862068965E-7,8.336623793103446E-7,0.0,1.888113E-9,2.288329931034482E-6,0.0,2.329285896551724E-8,2.205406517241379E-6,3.752784172413792E-8,2.136892551724138E-6,1.2377594586206896E-6,0.0,3.963945255172413E-5,1.0353264827586207E-8,1.4035854172413793E-5,5.424422413793103E-6,0.0,1.713090267586207E-4,1.7136847727586212E-4,0.0,1.1111853655172413E-6,8.301356137931036E-6,1.564218E-4,1.567547034482759E-4,3.469558827586206E-7,0.0,1.8216836827586204E-6,1.358335448275862E-7,6.133920689655188E-10,8.081885517241378E-8,2.328235793103448E-8,3.280997586206897E-8,0.003147612617241379,7.717899310344825E-7,4.201995275862068E-6,0.0,0.0,7.039973034482757E-5,7.104085413793102E-5,2.0379828620689652E-7,1.3216025620689653E-4,1.126033827586207E-6,1.7283351724137925E-6,2.917887344827586E-6,0.0,2.057592348275862E-5,7.389486896551724E-8,3.3877486206896544E-7,2.7978075517241375E-6,0.0,0.0,0.0,8.115586206896537E-9,3.8961967241379306E-7,-1.4780183103448275E-6,0.0,1.5466249310344827E-5,0.0,4.29182122413793E-6,6.490682068965516E-6,0.0,1.118761320689655E-5,0.0,0.0,0.0,8.02837724137931E-8,8.371869089655172E-7,8.487871379310342E-9,0.0,0.0,4.559289034482759E-5,5.796484551724137E-5,3.018901572413792E-5,8.164316896551724E-9,3.691445517241379E-6,2.215984620689655E-7,0.0,2.0152587586206893E-6,0.0,0.0,3.13203072413793E-5,3.085590551724137E-8,2.299100758620689E-8,2.521795110344827E-6,6.849354413793104E-6,0.0,3.6509010862068976E-8,0.0,1.4032613448275864E-7,1.4053555517241375E-7,8.184000000000012E-9,0.0,0.0,0.0,0.0,7.97613793103459E-9,0.0,5.340944862068965E-8,1.8305486896551718E-7,-6.220668275862069E-9,2.664332448275862E-6,3.9624481896551714E-5,0.0,7.883331034482756E-10,7.92779896551724E-10,0.0,4.758270275862068E-7,2.3142423103448277E-6,0.0,1.6144770689655173E-7,2.2128837586206897E-4,9.64284744827586E-7,9.66171855172414E-7,2.1078456206896547E-5,0.0,0.0,0.1572999618827586,1.7350774137931036E-4,1.8273445172413793E-4,2.4632279310344832E-5,1.2660611379310345E-7,3.0034171379310338E-6,
BTTUSDT,4.786776148275861E-5,4.8215500103448276E-5,9.081507137931035E-6,0.022072533210344816,0.022136744365517234,1.290188137931034E-7,1.984541689655172E-9,0.0,7.4296896551724825E-9,0.0,0.0,9.411514137931033E-8,2.4669465172413787E-7,1.1049863379310343E-7,0.0,9.847664586206896E-4,2.1197148275862066E-8,6.496536793103448E-7,6.436757620689656E-5,0.0,8.631523862068964E-7,4.6390910344827594E-7,1.8179587931034486E-7,2.3916496206896558E-4,2.652422344827586E-7,1.810636817241379E-4,1.9873877241379308E-9,1.7495930000000003E-7,0.0,0.0,2.044366917241379E-7,3.981602965517242E-9,1.4813603448275861E-5,7.713294137931033E-7,0.0,5.582087931034481E-7,1.172747651724138E-5,1.1739892241379305E-5,1.657597172413789E-6,0.0016638857793103451,0.0016636014413793096,1.6527324137931006E-7,1.1745159724137928E-6,0.0,0.0,0.0,0.0,2.2424411034482757E-7,3.057176206896552E-6,1.337907517241379E-8,2.9931482758620735E-7,0.0,3.187679655172413E-8,2.8884107586206897E-6,0.0,2.0252158965517242E-7,8.312164482758617E-7,0.0,1.882672103448276E-9,2.2812511724137925E-6,0.0,2.329771827586207E-8,2.1975850689655167E-6,3.7306663103448266E-8,2.13098824137931E-6,1.2348558586206894E-6,0.0,3.94680028275862E-5,1.0290501379310344E-8,1.4000713206896549E-5,5.39913275862069E-6,0.0,1.7070177544827584E-4,1.7076531286206893E-4,0.0,1.1101141999999994E-6,8.291104965517243E-6,1.5742667586206893E-4,1.5775690344827582E-4,3.4790033793103436E-7,0.0,1.8105700137931032E-6,1.3552687586206894E-7,6.323624137931051E-10,8.055770344827584E-8,2.306867379310345E-8,3.25731E-8,0.0031344701620689658,7.701356551724137E-7,4.195052379310344E-6,0.0,0.0,7.03717324137931E-5,7.102496586206894E-5,2.035940310344828E-7,1.3205428931034485E-4,1.1164025172413796E-6,1.727021379310345E-6,2.9025447931034493E-6,0.0,2.062047493103448E-5,7.349429655172415E-8,3.375238965517241E-7,2.791317827586206E-6,0.0,0.0,0.0,8.10331034482758E-9,3.891200517241377E-7,-1.5057321724137935E-6,0.0,1.548134793103448E-5,0.0,4.3040624310344825E-6,6.5177324137931E-6,0.0,1.1116350310344826E-5,0.0,0.0,0.0,8.025235172413793E-8,8.409367613793102E-7,8.494800344827586E-9,0.0,0.0,4.554719172413794E-5,5.7756454482758604E-5,3.0093596482758614E-5,8.109605862068966E-9,3.6902806896551713E-6,2.213641793103448E-7,0.0,2.0043848965517235E-6,0.0,0.0,3.1125276896551726E-5,3.0807088965517234E-8,2.294178137931035E-8,2.5120888827586207E-6,6.80747048275862E-6,0.0,3.621660775862069E-8,0.0,1.4101643793103447E-7,1.41229975862069E-7,8.163034482758637E-9,0.0,0.0,0.0,0.0,7.928758620689773E-9,0.0,5.304968379310343E-8,1.8190333103448276E-7,-6.2120668965517225E-9,2.654292862068965E-6,3.973500706896551E-5,0.0,7.869551724137928E-10,7.915869310344825E-10,0.0,4.732258068965516E-7,2.3077700344827585E-6,0.0,1.6277112068965513E-7,2.2097674827586204E-4,9.66853096551724E-7,9.687238758620685E-7,2.093264448275862E-5,0.0,0.0,0.15696323951034477,1.7336563793103445E-4,1.8265349310344822E-4,2.447278965517241E-5,1.2582747931034485E-7,3.003004517241378E-6,
BUSDUSDT,2.818839885057477E-4,2.8869617241379365E-4,8.00516436781615E-5,0.1118967689655159,0.11484182068965391,3.566482758620813E-7,7.469551724137995E-9,7.4296896551724825E-9,0.0,0.0,0.0,4.0375747126436803E-7,1.1167137931034318E-6,3.2764620689656664E-7,0.0,0.005092352873563289,7.191954022993073E-9,3.3484517241379342E-6,2.8286885057471177E-4,0.0,4.929216091954006E-6,2.027195402298902E-6,7.060632183908285E-7,0.0014919091954022938,6.230712643678549E-7,0.0017842624137931328,1.1546850574712567E-8,9.004402298850582E-7,0.0,0.0,1.3602590804597775E-6,1.976222988505834E-8,1.2127011494253093E-4,3.9519195402298944E-6,0.0,3.128206896551777E-6,4.23585172413792E-5,4.25436206896551E-5,-1.2247218390805806E-5,0.010285073563218438,0.010364519540229931,6.746666666666552E-7,5.1094344827586045E-6,0.0,0.0,0.0,0.0,1.0980551724138155E-6,1.0383793103447905E-5,3.528183908045828E-8,3.1003448275861937E-6,0.0,1.0694137931034612E-7,1.444239080459777E-5,0.0,9.325275862069012E-7,3.522908045977036E-6,0.0,8.693781609195585E-9,7.0422528735635725E-6,0.0,5.996747126437063E-8,1.1413367816092056E-5,1.9856632183908021E-7,1.1593195402298994E-5,6.6119551724138366E-6,0.0,2.2263112643678386E-4,2.8236321839080842E-8,7.632927586206975E-5,1.7047701149426125E-5,0.0,8.987196781609306E-4,9.003432988505855E-4,0.0,5.001197701149578E-6,2.9472482758621292E-5,7.024873563218371E-4,7.188712643678145E-4,1.4055655172414115E-6,0.0,1.0512949425287299E-5,4.371333333333394E-7,8.604482758622157E-9,2.5977701149425857E-7,1.1705241379310338E-7,8.65988505747169E-8,0.02304607241379258,2.8599540229885717E-6,1.7995643678161217E-5,0.0,0.0,3.3142482758621454E-4,3.275274712643756E-4,8.493574712643793E-7,0.0015504702298851595,7.2370919540229325E-6,2.030000000000133E-5,1.2118402298850843E-5,0.0,1.058691609195483E-4,2.417862068965487E-7,1.3419195402299662E-6,8.954632183908437E-6,0.0,0.0,0.0,2.7050574712643156E-7,2.91618965517235E-6,-2.2572068965522115E-6,0.0,7.690586206896837E-5,0.0,2.1791534482758835E-5,-1.7139356321838685E-4,0.0,4.931254022988636E-5,0.0,0.0,0.0,2.7380229885058133E-7,2.40417034482766E-6,2.8836666666667325E-8,0.0,0.0,2.720119540229915E-4,3.1736793103448566E-4,1.522057701149445E-4,4.583252873563164E-8,2.5616321839080963E-5,1.1095494252873739E-6,0.0,1.0533425287356432E-5,0.0,0.0,1.6268931034482952E-4,1.0331172413793333E-7,1.26307356321843E-7,1.4983245977011785E-5,2.7246275862069603E-5,0.0,1.240616666666622E-7,0.0,4.3612988505748276E-7,4.449160919540346E-7,2.571494252873487E-7,0.0,0.0,0.0,0.0,2.6696551724137634E-7,0.0,3.459214942528797E-7,1.3483379310344574E-6,-3.512482758620772E-8,1.3197091954023125E-5,1.1488143678161374E-4,0.0,3.899770114942524E-9,3.859183908045977E-9,0.0,-3.687747126436126E-7,8.216080459770581E-6,0.0,8.948793103448619E-7,0.0014794747126436881,7.909588505747164E-6,8.011064367816124E-6,1.1720264367816221E-4,0.0,0.0,0.8786731747126578,0.0013710057471264267,0.0014674218390804536,1.6561724137930796E-4,7.434379310344825E-7,1.2731252873563586E-5,
BZRXUSDT,0.0,0.0,0.0,0.0,0.0,0.0,0.0,0.0,0.0,0.0,0.0,0.0,0.0,0.0,0.0,0.0,0.0,0.0,0.0,0.0,0.0,0.0,0.0,0.0,0.0,0.0,0.0,0.0,0.0,0.0,0.0,0.0,0.0,0.0,0.0,0.0,0.0,0.0,0.0,0.0,0.0,0.0,0.0,0.0,0.0,0.0,0.0,0.0,0.0,0.0,0.0,0.0,0.0,0.0,0.0,0.0,0.0,0.0,0.0,0.0,0.0,0.0,0.0,0.0,0.0,0.0,0.0,0.0,0.0,0.0,0.0,0.0,0.0,0.0,0.0,0.0,0.0,0.0,0.0,0.0,0.0,0.0,0.0,0.0,0.0,0.0,0.0,0.0,0.0,0.0,0.0,0.0,0.0,0.0,0.0,0.0,0.0,0.0,0.0,0.0,0.0,0.0,0.0,0.0,0.0,0.0,0.0,0.0,0.0,0.0,0.0,0.0,0.0,0.0,0.0,0.0,0.0,0.0,0.0,0.0,0.0,0.0,0.0,0.0,0.0,0.0,0.0,0.0,0.0,0.0,0.0,0.0,0.0,0.0,0.0,0.0,0.0,0.0,0.0,0.0,0.0,0.0,0.0,0.0,0.0,0.0,0.0,0.0,0.0,0.0,0.0,0.0,0.0,0.0,0.0,0.0,0.0,0.0,0.0,0.0,0.0,0.0,0.0,0.0,0.0,0.0,0.0,0.0,0.0,0.0,0.0,0.0,0.0,0.0,0.0,0.0,0.0,
CELOUSDT,0.0,0.0,0.0,0.0,0.0,0.0,0.0,0.0,0.0,0.0,0.0,0.0,0.0,0.0,0.0,0.0,0.0,0.0,0.0,0.0,0.0,0.0,0.0,0.0,0.0,0.0,0.0,0.0,0.0,0.0,0.0,0.0,0.0,0.0,0.0,0.0,0.0,0.0,0.0,0.0,0.0,0.0,0.0,0.0,0.0,0.0,0.0,0.0,0.0,0.0,0.0,0.0,0.0,0.0,0.0,0.0,0.0,0.0,0.0,0.0,0.0,0.0,0.0,0.0,0.0,0.0,0.0,0.0,0.0,0.0,0.0,0.0,0.0,0.0,0.0,0.0,0.0,0.0,0.0,0.0,0.0,0.0,0.0,0.0,0.0,0.0,0.0,0.0,0.0,0.0,0.0,0.0,0.0,0.0,0.0,0.0,0.0,0.0,0.0,0.0,0.0,0.0,0.0,0.0,0.0,0.0,0.0,0.0,0.0,0.0,0.0,0.0,0.0,0.0,0.0,0.0,0.0,0.0,0.0,0.0,0.0,0.0,0.0,0.0,0.0,0.0,0.0,0.0,0.0,0.0,0.0,0.0,0.0,0.0,0.0,0.0,0.0,0.0,0.0,0.0,0.0,0.0,0.0,0.0,0.0,0.0,0.0,0.0,0.0,0.0,0.0,0.0,0.0,0.0,0.0,0.0,0.0,0.0,0.0,0.0,0.0,0.0,0.0,0.0,0.0,0.0,0.0,0.0,0.0,0.0,0.0,0.0,0.0,0.0,0.0,0.0,0.0,
CELRUSDT,0.0024121879160919533,0.0024320349620689657,4.6278537126436784E-4,1.1825419768965517,1.1860804165517236,6.687006206896553E-6,9.457040344827584E-8,9.411514137931033E-8,4.0375747126436803E-7,0.0,0.0,0.0,1.4490143793103447E-5,5.731306689655173E-6,0.0,0.05421713183908046,1.0381467816091955E-6,3.456903137931035E-5,0.0031264437816091954,0.0,4.503183195402298E-5,2.3825788505747125E-5,9.14938563218391E-6,0.011598701264367817,1.422190712643678E-5,0.008897915551724138,9.895830574712646E-8,9.05841643678161E-6,0.0,0.0,1.0981782114942528E-5,1.7150429195402297E-7,8.059028735632186E-4,4.187415747126436E-5,0.0,2.8551537931034486E-5,5.705065758620689E-4,5.71028844827586E-4,5.8491071264367616E-5,0.087735079770115,0.08771240367816091,9.411570114942499E-6,5.694715379310344E-5,0.0,0.0,0.0,0.0,1.1552346896551725E-5,1.7304527586206912E-4,7.003157701149424E-7,1.600348275862073E-5,0.0,1.5550699999999997E-6,1.6388579080459768E-4,0.0,1.0224628620689654E-5,4.197411839080459E-5,0.0,8.901858505747125E-8,1.2384143218390804E-4,0.0,1.1510081264367816E-6,1.1650419885057473E-4,1.9584055977011498E-6,1.1758889540229886E-4,6.762145068965517E-5,0.0,0.0020555106988505746,5.423788045977011E-7,7.729612034482759E-4,2.8208752873563214E-4,0.0,0.009118859588505746,0.009121203088505746,0.0,5.8445895632183896E-5,4.2394159310344835E-4,0.007394865977011492,0.007406404367816092,1.5698391034482756E-5,0.0,9.667367770114946E-5,7.0494650574712635E-6,-7.850586206896517E-9,4.176750114942528E-6,1.2133479999999997E-6,1.4684736781609198E-6,0.18391697275862065,3.7693064367816076E-5,2.0247970229885057E-4,0.0,0.0,0.0035885193793103454,0.00361508516091954,1.0404701264367817E-5,0.008199780471264368,5.331284712643679E-5,1.070984827586207E-4,1.523410471264368E-4,0.0,0.0011039638471264366,4.218444137931035E-6,1.615319195402299E-5,1.401363252873563E-4,0.0,0.0,0.0,4.0442988505745984E-7,2.1581843103448274E-5,-7.316834137931035E-5,0.0,7.939309310344829E-4,0.0,2.0835242931034482E-4,1.5616202298850566E-4,0.0,6.075067022988505E-4,0.0,0.0,0.0,3.9217802298850576E-6,4.451208703448277E-5,3.9664056321839073E-7,0.0,0.0,0.002368590850574713,0.0032129831034482764,0.0016727099563218395,4.6027773563218387E-7,1.871668735632184E-4,1.1415751494252875E-5,0.0,1.094654459770115E-4,0.0,0.0,0.0017279313448275864,1.5029435862068964E-6,1.138757287356322E-6,1.3246937977011493E-4,3.8236969655172415E-4,0.0,2.1023735114942536E-6,0.0,6.792392298850577E-6,6.802367471264369E-6,4.327149425287278E-7,0.0,0.0,0.0,0.0,4.3028275862068516E-7,0.0,2.7531442183908037E-6,1.0176295862068964E-5,-3.294273103448277E-7,1.4210946781609193E-4,0.0019727000747126436,0.0,3.962442528735632E-8,3.9757366666666665E-8,0.0,2.5870977701149422E-5,1.1631195287356321E-4,0.0,6.683512068965518E-6,0.011621740574712644,4.6725724367816086E-5,4.6779513333333334E-5,0.0011139375747126435,0.0,0.0,8.248771627816092,0.007834607471264366,0.008315011149425287,0.001329308275862069,6.542119655172414E-6,1.536185045977011E-4,
CHRUSDT,0.0035599701758620675,0.003589386106896553,0.0010315510655172413,1.8373224024137929,1.8451523317241392,1.7426624827586205E-5,2.495576655172413E-7,2.4669465172413787E-7,1.1167137931034318E-6,0.0,0.0,1.4490143793103447E-5,0.0,1.3062278137931037E-5,0.0,0.17783079344827588,4.172707241379309E-6,9.145984103448276E-5,0.006034535413793104,0.0,1.2410782206896554E-4,7.773792413793103E-5,2.228364655172414E-5,0.0215296527586207,4.074388137931035E-5,0.014286269620689658,2.719912689655172E-7,2.272760310344827E-5,0.0,0.0,2.8516074896551732E-5,2.49625075862069E-7,4.375051724137933E-4,1.0939324482758622E-4,0.0,9.47740655172414E-5,0.0010627125620689655,0.0010640891896551723,-4.336692896551729E-4,0.1499736248275862,0.14966081931034483,5.4600620689654216E-6,1.1602958068965516E-4,0.0,0.0,0.0,0.0,2.3657146206896556E-5,9.196610344827625E-5,1.6258277931034478E-6,1.5073000000000115E-5,0.0,5.357105862068964E-6,4.1765563448275855E-4,0.0,2.666834034482758E-5,1.0756599655172411E-4,0.0,2.4982133448275866E-7,3.137811310344827E-4,0.0,3.0350962413793104E-6,2.948709275862069E-4,6.27644831034483E-6,2.763635137931034E-4,1.6192388379310347E-4,0.0,0.005772265462068966,1.7218885517241385E-6,0.001762352555172414,8.990698275862068E-4,0.0,0.023077509710344824,0.023053705037931034,0.0,1.300777744827586E-4,0.0010517820965517245,0.007045517931034478,0.007044273793103455,3.9760308965517245E-5,0.0,2.7695979586206897E-4,1.8341192413793103E-5,-1.1350103448275674E-8,1.1579992413793102E-5,4.2665457931034474E-6,6.5986251724137934E-6,0.34973218931034483,1.2196751034482752E-4,4.931903206896553E-4,0.0,0.0,0.007242694413793104,0.007298178517241377,2.811681827586207E-5,-3.7615437931033907E-4,1.885038655172414E-4,-5.2725517241378766E-6,4.658041482758621E-4,0.0,0.0014712177275862067,1.0528348965517242E-5,5.432469310344828E-5,4.0488516896551715E-4,0.0,0.0,0.0,8.082137931034199E-7,4.8398370689655166E-5,9.715755172413788E-6,0.0,0.0013639721724137933,0.0,3.903783844827586E-4,0.002444576137931033,0.0,0.0018224385620689652,0.0,0.0,0.0,9.17232551724138E-6,7.896800710344828E-5,9.684205862068965E-7,0.0,0.0,0.005010688344827586,0.007706593413793103,0.003906348572413793,1.2111244482758622E-6,3.684827931034483E-4,2.519484275862069E-5,0.0,2.974415655172414E-4,0.0,0.0,0.0047389231379310354,4.68665124137931E-6,2.2784038620689666E-6,2.8744339724137935E-4,0.0011660423034482758,0.0,6.065920844827587E-6,0.0,1.2550172068965518E-5,1.2541738275862073E-5,7.84710344827552E-7,0.0,0.0,0.0,0.0,9.171999999999762E-7,0.0,9.388155551724136E-6,2.918709379310344E-5,-4.807630344827588E-7,3.864606586206896E-4,0.004068213672413793,0.0,1.173596206896552E-7,1.1737743793103448E-7,0.0,7.505637172413793E-5,2.9471654137931035E-4,0.0,9.278394827586205E-6,0.017854916896551734,5.257067448275862E-5,5.2919602758620725E-5,0.003355086689655173,0.0,0.0,17.752290719310345,0.007488456896551727,0.0087068003448276,0.004304452758620691,2.066848724137931E-5,3.518304379310344E-4,
CHZUSDT,0.002999425476551724,0.003025176948965516,5.03997551034483E-4,1.445318726689655,1.4467101601379309,8.794908068965517E-6,1.1044284E-7,1.1049863379310343E-7,3.2764620689656664E-7,0.0,0.0,5.731306689655173E-6,1.3062278137931037E-5,0.0,0.0,0.057205194551724146,1.114987655172414E-6,3.7476091655172416E-5,0.003985183186206897,0.0,4.813227544827587E-5,2.6376557241379308E-5,1.0506047931034485E-5,0.013837979517241385,1.7207844896551725E-5,0.012597327131034482,1.05382715862069E-7,1.0561396827586207E-5,0.0,0.0,1.1585344703448275E-5,2.4290477379310346E-7,9.123924137931032E-4,4.788229724137931E-5,0.0,2.820487793103449E-5,7.531615537931036E-4,7.545013655172412E-4,2.1619530413793082E-4,0.11208539393103448,0.11207995179310344,1.4496902068965503E-5,6.95436116551724E-5,0.0,0.0,0.0,0.0,1.3494870620689653E-5,2.2851842758620696E-4,8.237728344827585E-7,2.207909310344829E-5,0.0,1.744995310344828E-6,1.8382889241379312E-4,0.0,1.2146527724137925E-5,4.635984758620689E-5,0.0,1.0439240827586206E-7,1.4714447793103447E-4,0.0,1.3510778344827585E-6,1.352151579310345E-4,2.036452765517241E-6,1.418888775862069E-4,8.196046055172415E-5,0.0,0.002173780937241379,5.903125034482758E-7,9.330686489655174E-4,3.129442068965517E-4,0.0,0.01055889077310345,0.010562044973103448,0.0,7.010373213793103E-5,5.005210503448277E-4,0.010389855310344826,0.010429321310344828,1.7958979724137928E-5,0.0,9.774290917241379E-5,8.518534689655172E-6,8.38485310344828E-8,4.960508482758621E-6,1.1943242965517242E-6,1.3762505517241386E-6,0.22668794234482761,4.432395034482759E-5,2.3629449172413793E-4,0.0,0.0,0.0043099688827586205,0.004358352737931034,1.1887370551724136E-5,0.007948133365517238,5.028043172413793E-5,1.0380337241379304E-4,1.7540281241379312E-4,0.0,0.0012889135282758617,4.610834620689655E-6,1.664153517241379E-5,1.6146854068965514E-4,0.0,0.0,0.0,3.473979310344893E-7,2.4453510689655167E-5,-9.776608689655173E-5,0.0,9.596365379310343E-4,0.0,2.5397909E-4,6.965988275862067E-5,0.0,6.77333764137931E-4,0.0,0.0,0.0,4.993400965517242E-6,5.63782884551724E-5,4.824409793103447E-7,0.0,0.0,0.002934226944827586,0.0038807895448275858,0.0020417184179310345,5.694831310344827E-7,2.507358448275862E-4,1.3317999931034483E-5,0.0,1.2098566137931034E-4,0.0,0.0,0.002023035593103448,1.6807729379310347E-6,1.4015806000000002E-6,1.5640857910344824E-4,4.181682400000001E-4,0.0,2.0642498034482765E-6,0.0,8.851630965517241E-6,8.856228000000002E-6,3.747041379310411E-7,0.0,0.0,0.0,0.0,3.5995034482759727E-7,0.0,2.7073380758620674E-6,9.946462206896554E-6,-4.168357448275862E-7,1.57171804137931E-4,0.002555639127586207,0.0,4.2875106896551723E-8,4.321764275862069E-8,0.0,3.425414124137931E-5,1.3777090827586205E-4,0.0,9.61239896551724E-6,0.013668873379310347,6.419815868965518E-5,6.413971193103449E-5,0.001191632768965517,0.0,0.0,9.243221517310342,0.010406546551724141,0.010863577999999999,0.001225693344827586,6.788487448275863E-6,1.8051967034482755E-4,
CKBUSDT,0.0,0.0,0.0,0.0,0.0,0.0,0.0,0.0,0.0,0.0,0.0,0.0,0.0,0.0,0.0,0.0,0.0,0.0,0.0,0.0,0.0,0.0,0.0,0.0,0.0,0.0,0.0,0.0,0.0,0.0,0.0,0.0,0.0,0.0,0.0,0.0,0.0,0.0,0.0,0.0,0.0,0.0,0.0,0.0,0.0,0.0,0.0,0.0,0.0,0.0,0.0,0.0,0.0,0.0,0.0,0.0,0.0,0.0,0.0,0.0,0.0,0.0,0.0,0.0,0.0,0.0,0.0,0.0,0.0,0.0,0.0,0.0,0.0,0.0,0.0,0.0,0.0,0.0,0.0,0.0,0.0,0.0,0.0,0.0,0.0,0.0,0.0,0.0,0.0,0.0,0.0,0.0,0.0,0.0,0.0,0.0,0.0,0.0,0.0,0.0,0.0,0.0,0.0,0.0,0.0,0.0,0.0,0.0,0.0,0.0,0.0,0.0,0.0,0.0,0.0,0.0,0.0,0.0,0.0,0.0,0.0,0.0,0.0,0.0,0.0,0.0,0.0,0.0,0.0,0.0,0.0,0.0,0.0,0.0,0.0,0.0,0.0,0.0,0.0,0.0,0.0,0.0,0.0,0.0,0.0,0.0,0.0,0.0,0.0,0.0,0.0,0.0,0.0,0.0,0.0,0.0,0.0,0.0,0.0,0.0,0.0,0.0,0.0,0.0,0.0,0.0,0.0,0.0,0.0,0.0,0.0,0.0,0.0,0.0,0.0,0.0,0.0,
