 ,BNBUSDC,BNBUSDT,BNTUSDT,BTCUSDC,BTCUSDT,BTSUSDT,BTTUSDC,BTTUSDT,BUSDUSDT,BZRXUSDT,CELOUSDT,CELRUSDT,CHRUSDT,CHZUSDT,CKBUSDT,COMPUSDT,COSUSDT,COTIUSDT,CRVUSDT,CTKUSDT,CTSIUSDT,CTXCUSDT,CVCUSDT,DASHUSDT,DATAUSDT,DCRUSDT,DENTUSDT,DGBUSDT,DIAUSDT,DNTUSDT,DOCKUSDT,DOGEUSDT,DOTUSDT,DUSKUSDT,EGLDUSDT,ENJUSDT,EOSUSDC,EOSUSDT,ETCUSDT,ETHUSDC,ETHUSDT,EURUSDT,FETUSDT,FILUSDT,FIOUSDT,FIROUSDT,FLMUSDT,FTMUSDT,FTTUSDT,FUNUSDT,GBPUSDT,GRTUSDT,GTOUSDT,GXSUSDT,HARDUSDT,HBARUSDT,HIVEUSDT,HNTUSDT,HOTUSDT,ICXUSDT,INJUSDT,IOSTUSDT,IOTAUSDT,IOTXUSDT,IRISUSDT,JSTUSDT,JUVUSDT,KAVAUSDT,KEYUSDT,KMDUSDT,KNCUSDT,KSMUSDT,LINKUSDC,LINKUSDT,LITUSDT,LRCUSDT,LSKUSDT,LTCUSDC,LTCUSDT,LTOUSDT,LUNAUSDT,MANAUSDT,MATICUSDT,MBLUSDT,MDTUSDT,MFTUSDT,MITHUSDT,MKRUSDT,MTLUSDT,NANOUSDT,NBSUSDT,NEARUSDT,NEOUSDC,NEOUSDT,NKNUSDT,NMRUSDT,NULSUSDT,OCEANUSDT,OGNUSDT,OGUSDT,OMGUSDT,ONEUSDT,ONGUSDT,ONTUSDT,ORNUSDT,OXTUSDT,PAXGUSDT,PAXUSDT,PERLUSDT,PNTUSDT,PSGUSDT,QTUMUSDT,REEFUSDT,RENUSDT,REPUSDT,RIFUSDT,RLCUSDT,ROSEUSDT,RSRUSDT,RUNEUSDT,RVNUSDT,SANDUSDT,SCUSDT,SFPUSDT,SKLUSDT,SNXUSDT,SOLUSDT,SRMUSDT,STMXUSDT,STORJUSDT,STPTUSDT,STRAXUSDT,STXUSDT,SUSDUSDT,SUSHIUSDT,SXPUSDT,TCTUSDT,TFUELUSDT,THETAUSDT,TOMOUSDT,TRBUSDT,TROYUSDT,TRUUSDT,TRXUSDC,TRXUSDT,TUSDUSDT,TWTUSDT,UMAUSDT,UNFIUSDT,UNIUSDT,USDCUSDT,UTKUSDT,VETUSDT,VITEUSDT,VTHOUSDT,WANUSDT,WAVESUSDT,WINGUSDT,WINUSDC,WINUSDT,WNXMUSDT,WRXUSDT,WTCUSDT,XEMUSDT,XLMUSDT,XMRUSDT,XRPUSDC,XRPUSDT,XTZUSDT,XVSUSDT,YFIIUSDT,YFIUSDT,ZECUSDC,ZECUSDT,ZENUSDT,ZILUSDT,ZRXUSDT,
BNBUSDC,0.0,0.9110705746666666,0.15816003655172411,209.31777724827577,209.9098831494251,0.0011544494965517232,2.412199052873563E-5,2.4262374827586194E-5,-7.829011494251662E-6,0.0,0.0,0.0011479412229885061,0.001736263574712642,0.0012077375905747121,0.0,9.971137836781603,3.023473701149425E-4,0.007713228190804598,0.9642966832183909,0.0,0.010330662324137931,0.004031568873563219,0.002170719797701152,3.360395229885057,0.003181681671264368,1.6058250222988495,2.6405613310344814E-5,0.002102787696551724,0.0,0.0,0.00234591097816092,7.300251556321837E-5,0.2273721681839086,0.00918556393103448,0.0,0.008181658239080462,0.12948900199999996,0.1300503532643678,-0.033760484045977084,22.2806376321839,22.265598503448267,0.001148900298850559,0.014133297514942529,0.0,0.0,0.0,0.0,0.0031305805310344837,0.051944089425287374,1.188565342528734E-4,0.0020180677241379416,0.0,4.3784595862068947E-4,0.021909185080459775,0.0,0.0018206802482758628,0.009130080321839073,0.0,2.2112456919540226E-5,0.03148836016091956,0.0,2.9551079149425297E-4,0.022969481057471267,4.0564267103448287E-4,0.01787290868505748,0.010710753567816091,0.0,0.502688375103448,2.2483924712643708E-4,0.1226757491954023,0.08229402298850569,0.0,2.0866464922528736,2.092392028390804,0.0,0.016774558445977014,0.10777128301149429,1.6106402045977009,1.6189671011494253,0.006847616747126439,0.0033884913103448887,0.021479901367816093,0.0017741711931034483,-3.053283356321837E-5,9.629396229885053E-4,2.1411923839080474E-4,4.64881232183908E-4,23.36427070344826,0.00937943471264368,0.054995751402298856,0.0,0.0,0.8854453078160923,0.9003890436781612,0.0024684314528735634,2.1175529331034535,0.015588473402298849,0.022839184827586276,0.02629600452873562,0.0,0.29330915491954085,8.945447011494251E-4,0.004103573862068963,0.03398448737931035,0.0,0.0,0.0,4.3010068965511426E-5,0.003932375190804593,-0.019744870505747157,0.0,0.23159472804597725,0.0,0.055611415480459815,0.47743757632183914,0.0,0.1299139746436781,0.0,7.450813793103459E-4,0.0,0.0011114344620689657,0.013361634209885054,1.1321161655172426E-4,0.0,0.0,0.5835271652873563,0.4861621231724139,0.2953286188735633,-5.187510344827592E-6,0.04123814772413793,0.0027524498505747124,0.0,0.02453374747126436,0.0,0.0,0.2984147482758621,4.470175777011496E-4,2.9981958252873575E-4,0.03047993753333334,0.08227464448275859,0.0,3.903998343448277E-4,0.0,0.0018922394275862073,0.0018969447862068967,4.63880689655142E-5,0.0,0.0,0.0,0.0,2.0629287356321198E-5,0.0,8.150873958620682E-4,0.0018794579770114932,-6.684588551724142E-5,0.028915082137931036,0.5047199947126437,0.0,8.735548873563213E-6,8.832424137931038E-6,0.0,0.00614851205977011,0.0295005931494253,0.0,0.003290046997701148,3.2144209908045975,0.012569636124137931,0.012529510790804598,0.2341082256321838,0.0,0.0,1648.0095912643699,3.549114942528735,3.609427039080457,0.3975816599999997,0.001445463475862068,0.038685810022988536,
BNBUSDT,0.9110705746666666,0.0,0.15784516827586212,208.94827717931034,209.58169688505734,0.0011585124965517244,2.4143817885057473E-5,2.428332551724137E-5,-3.897402298849497E-6,0.0,0.0,0.001164135573563219,0.0017355682528735637,0.0012182427359770113,0.0,10.138557566666673,3.059573816091956E-4,0.007802246719540231,0.9639079516091954,0.0,0.01038747547931035,0.004079326229885061,0.002223633964367817,3.3567877183908053,0.003227705245977013,1.6223463970114933,2.6654950551724144E-5,0.0021085596448275866,0.0,0.0,0.002384515723563219,7.250311688505751E-5,0.2438912122643681,0.009311374103448277,0.0,0.008299198354022994,0.12835608837931034,0.1289589076321839,-0.038382407781609236,22.374304609195406,22.359326227586212,0.001108431908045963,0.014213142733333331,0.0,0.0,0.0,0.0,0.003182594686206898,0.05127184057471267,1.1849729229885048E-4,0.0020121187586206995,0.0,4.410276310344827E-4,0.022601443816091957,0.0,0.0018277484724137933,0.009193791298850576,0.0,2.2005947666666677E-5,0.03225152866666667,0.0,2.9846972712643696E-4,0.023157276804597712,4.105029313793105E-4,0.0184121447770115,0.010957477608045977,0.0,0.5061512880344828,2.2908867528735632E-4,0.1266564570114943,0.08280809942528732,0.0,2.1070572792643687,2.113028655402299,0.0,0.01702455533678161,0.10954861191954028,1.594284888505747,1.6042293885057473,0.0068982785804597695,0.005122610793103463,0.021850067252873567,0.0017865815551724137,-3.1511041609195375E-5,9.778191632183908E-4,2.1537549126436793E-4,4.6521381264367834E-4,23.66388392758621,0.009517460632183908,0.05583780180459768,0.0,0.0,0.9024424204597701,0.9171661132183913,0.0024838672402298844,2.3654510003448284,0.015547545873563221,0.025914086896551725,0.026559362574712645,0.0,0.30962179204597695,9.041478850574712E-4,0.00414137420689655,0.03425083031034483,0.0,0.0,0.0,4.7163862068959494E-5,0.003909315840229885,-0.02075484245977011,0.0,0.23517661540229892,0.0,0.05645013095747126,0.4857278085057472,0.0,0.131011110908046,0.0,7.701710344827586E-4,0.0,0.0011148251000000005,0.013619451065632185,1.1555961827586205E-4,0.0,0.0,0.5900101922988508,0.5008088681724139,0.304178102954023,-4.738999999999999E-6,0.04203321599999998,0.0028178275804597707,0.0,0.024940784252873566,0.0,0.0,0.30375763965517244,4.5168680126436787E-4,3.0903781298850585E-4,0.031053559366666678,0.08287425206896554,0.0,3.9267416417241403E-4,0.0,0.0019001097034482767,0.0019053954241379312,5.083720689654834E-5,0.0,0.0,0.0,0.0,2.462871264367753E-5,0.0,8.09277668275862E-4,0.0018959888333333337,-6.849059413793105E-5,0.029456737655172406,0.5118573971839081,0.0,8.785970367816092E-6,8.881680862068972E-6,0.0,0.0062315771402298836,0.03034934119540231,0.0,0.0032442022333333325,3.2354087264367823,0.012548469141379314,0.012508731940229884,0.23459417919540232,0.0,0.0,1699.2137220114946,3.5208857988505753,3.5843907919540223,0.39921314965517246,0.0014532046655172414,0.03967313490804598,
BNTUSDT,0.15816003655172411,0.15784516827586212,0.0,45.12402058620691,45.13036910344825,8.574944827586217E-5,3.9363903448275874E-6,3.855526206896552E-6,-1.6666206896551408E-5,0.0,0.0,6.166041379310348E-5,7.273676206896551E-4,5.236208965517249E-5,0.0,1.8675976551724145,3.2372068965517265E-5,6.153166896551724E-4,-0.11957942758620688,0.0,0.002295629827586207,3.18689655172383E-6,-2.6706593103448283E-4,1.2711940000000004,3.899661724137935E-4,0.30265827241379323,7.868767931034482E-6,3.536453448275862E-4,0.0,0.0,3.001098482758621E-4,2.303762103448275E-5,-0.22876697793103445,0.0021988962068965508,0.0,0.0016291955517241388,0.0010247203448275827,0.001067382758620693,-0.004961904827586178,3.8846236896551725,3.88037475862069,-6.939379310345294E-5,7.628790344827593E-4,0.0,0.0,0.0,0.0,-1.6342544827586204E-4,0.007092862068965525,1.0738034482758412E-6,-1.5015586206896703E-4,0.0,6.484344827586204E-5,-0.00546791724137931,0.0,2.3325934482758636E-4,0.0019770582758620687,0.0,8.339820689655177E-6,-0.0035757289655172397,0.0,-7.2399827586206995E-6,0.002769025517241379,4.359371379310346E-5,-0.0018970794137931027,-6.346777241379311E-4,0.0,0.11069578103448277,-6.055056206896551E-5,-0.01637585586206897,0.01916971379310344,0.0,0.25922965620689664,0.2589339917241378,0.0,3.2710927586206866E-4,0.005301010689655177,0.005011862068965434,-1.7206896551587254E-5,3.927820689655169E-4,-0.020654010689655174,0.004973662931034483,9.773100000000003E-5,-5.755337931034478E-6,5.976789655172415E-5,1.7215858620689647E-5,1.3364006896551727E-4,3.416028413793103,2.0598655172413664E-4,0.0020090003448275814,0.0,0.0,-0.06571057586206899,-0.0647122724137931,2.83780379310345E-4,-1.9259275068965518,0.007234837241379311,-0.022752039310344828,0.004587472758620688,0.0,-0.13666636344827587,1.4134772413793112E-4,5.639672413793103E-4,6.063141379310361E-4,0.0,0.0,0.0,-8.726206896553662E-6,0.0019242934827586212,0.019157025172413793,0.0,-0.006419841379310343,0.0,-0.0036845840344827577,0.03231217586206889,0.0,0.029384385862068964,0.0,-2.3519999999999997E-4,0.0,1.886051379310346E-4,-0.0019269299655172414,-1.8755058620689645E-5,0.0,0.0,0.008710958620689662,-0.05296880517241381,-0.038440387586206895,-7.730634482758622E-6,-0.0017417579310344826,-2.2662968965517244E-4,0.0,0.003926991379310345,0.0,0.0,0.04262058965517242,2.292476206896553E-5,-6.563637931034479E-5,-9.710841034482756E-4,0.0211051375862069,0.0,8.343614896551725E-5,0.0,-2.8204103448275628E-5,-2.903031034482764E-5,-8.30724137931263E-6,0.0,0.0,0.0,0.0,-8.694482758622286E-6,0.0,3.92628451724138E-4,7.196154827586209E-4,7.166079310344821E-6,0.00164524,-0.02125703379310345,0.0,2.0343306896551724E-6,2.022713793103449E-6,0.0,7.222344137931034E-4,-0.0031057282758620683,0.0,7.228730344827585E-4,0.8646299655172419,0.0030055771724137926,0.0029939492413793116,0.06123493517241379,0.0,0.0,-387.1220168965517,1.8390494137931037,1.8519542068965522,0.18656301034482753,4.892774482758619E-4,-0.005284726206896554,
BTCUSDC,209.31777724827577,208.94827717931034,45.12402058620691,0.0,86709.21755517242,0.5694018496551724,0.0096465792137931,0.009663953034482758,-0.039476268965516155,0.0,0.0,0.34949262689655175,1.1533760620689657,0.4732239881379312,0.0,4257.926646896552,0.13603650827586208,2.6089840524137933,258.7927668275863,0.0,3.709974697931035,1.7503498758620704,0.7453069544827591,1239.5317620689657,1.25704653724138,395.7283695862071,0.00888886660689655,0.7671439006896554,0.0,0.0,0.637018255862069,0.026863352751724134,-32.91028626206874,3.2431222896551724,0.0,2.4080946779310373,53.36477809655175,53.24569957931034,16.05051119310344,6465.645896551726,6438.868191724139,0.5085884206896549,4.97758183310345,0.0,0.0,0.0,0.0,0.9494712944827592,8.528562275862088,0.06627300813793101,0.2117344275862085,0.0,0.14906009931034483,6.522283289655187,0.0,0.8712533627586205,4.104427882758619,0.0,0.010476357324137929,7.779315475862078,0.0,0.11937133489655177,8.829886462068968,0.14950620951724136,6.546539938620689,4.00171213724138,0.0,169.27023440689655,-0.016899312758620635,43.77358655172414,30.134390689655184,0.0,674.6957202137935,675.1440658620693,0.0,3.962229595172415,36.11107773793107,645.8211158620691,638.8575399999999,1.5320898655172415,-8.837707213793088,7.265140575862069,0.585810522758621,5.390960689655418E-4,0.35070391862068956,0.08025127579310345,0.20304323241379313,9835.062335862072,3.646962103448277,19.046968910344834,0.0,0.0,257.61989193103466,262.34177413793117,0.9231157303448277,-254.76258599999957,6.8151976965517225,-1.3131652068965451,11.765337268965517,0.0,43.5736472275863,0.3157307275862069,1.8040046275862072,12.289629462068975,0.0,0.0,0.0,-0.03172244137931128,1.7362530903448274,-5.025910027586212,0.0,61.47106268965521,0.0,16.123722040000004,133.42102441379302,0.0,48.80812792413797,0.0,-0.23524634482758675,0.0,0.4267675462068967,2.8906777869655165,0.03342578096551725,0.0,0.0,152.02202296551727,168.34370124827586,83.35216487586212,0.023188552068965525,7.675919393103453,0.8931324068965519,0.0,8.090154586206904,0.0,0.0,117.6267013793104,0.14283772144827594,0.06883286779310364,8.146974709655177,34.071577724137946,0.0,0.1756212955379311,0.0,0.6446560151724141,0.6439223786206899,-0.031278951724137596,0.0,0.0,0.0,0.0,-0.03336418620689643,0.0,0.3170496995862069,0.7264151586206896,-0.012882328896551741,10.844224696551727,170.3961505172414,0.0,0.003527838944827587,0.0035699317931034476,0.0,2.5035176496551745,9.940845993103459,0.0,1.0132638399999998,963.4193772413798,3.3031076779310338,3.274156743448276,92.0948669310345,0.0,0.0,446369.066396552,1124.5284206896558,1147.949195862069,149.1383049655172,0.5746679889655175,10.590350151724142,
BTCUSDT,209.9098831494251,209.58169688505734,45.13036910344825,86709.21755517242,0.0,0.566505596551724,0.009643309022988503,0.009659975655172409,-0.03656126436781497,0.0,0.0,0.3533676252873564,1.1520629080459779,0.472004772183908,0.0,4293.084166666668,0.13605086091954036,2.6346692022988503,262.1442581609193,0.0,3.73586907586207,1.7738227126436796,0.7625513333333332,1235.8871804597698,1.256758004597702,400.43175114942477,0.008938768620689656,0.7684977103448278,0.0,0.0,0.649712412183908,0.026754047885057464,-27.03536780459775,3.2537224137931036,0.0,2.4448044195402314,53.169314413793096,53.051638252873545,14.855324942528727,6468.289571264368,6442.574662068964,0.49609325287356165,4.996489591954022,0.0,0.0,0.0,0.0,0.9649783689655169,8.382829885057468,0.06601712574712643,0.22264013793103504,0.0,0.14941215517241385,6.772718367816096,0.0,0.8725082344827586,4.09522291954023,0.0,0.010409544459770116,7.969517459770113,0.0,0.12026361022988505,8.876053218390805,0.15104017827586208,6.670575494252874,4.056605011494254,0.0,170.55520168965518,-0.014796834712643658,44.684934149425295,30.158655632183898,0.0,679.220933057471,679.7143489195403,0.0,4.028635574712641,36.45542991954023,642.044885057471,635.3352367816087,1.5547827425287344,-8.243927000000006,7.35857698045977,0.5878974310344828,1.8404356321840377E-4,0.3521306321839081,0.0816721602298851,0.20348285402298857,9791.270700000005,3.6930610804597697,19.286135908045978,0.0,0.0,263.0515228735629,267.65773632183885,0.9271560505747125,-190.6043834482773,6.823601942528737,-0.5688886896551895,11.788718471264373,0.0,48.6604989425286,0.3165350574712643,1.8173493793103448,12.404570103448272,0.0,0.0,0.0,-0.0285440344827596,1.7172699471264365,-5.416200045977002,0.0,62.70902816091948,0.0,16.380019622988502,136.5376374712643,0.0,48.89217404597701,0.0,-0.2245958620689661,0.0,0.4261190413793105,2.9325862804597684,0.03420578793103447,0.0,0.0,153.9515505747126,171.86677044827587,85.35224285057471,0.02287745206896556,7.870967103448267,0.9110619597701146,0.0,8.168840459770113,0.0,0.0,118.26980793103453,0.14426762850574712,0.07187903402298856,8.348556994252876,34.006964793103464,0.0,0.17594785613793107,0.0,0.6455713862068964,0.6449252275862069,-0.028192137931034172,0.0,0.0,0.0,0.0,-0.03032942528735613,0.0,0.3163655855172413,0.7315134126436781,-0.013409983793103446,10.986689862068964,171.06702414942527,0.0,0.0035437024367816093,0.003585053827586207,0.0,2.4787574367816103,10.145353471264368,0.0,1.0084091678160911,967.0520781609193,3.299433593103447,3.271559643678158,92.54249347126436,0.0,0.0,463663.9485149421,1115.0535609195397,1139.0580747126432,149.57169724137924,0.5769448379310347,10.885304149425277,
BTSUSDT,0.0011544494965517232,0.0011585124965517244,8.574944827586217E-5,0.5694018496551724,0.566505596551724,0.0,1.0018322068965513E-7,1.0005127586206897E-7,-2.533103448274091E-8,0.0,0.0,5.1465227586206875E-6,1.586405172413793E-5,7.026295241379309E-6,0.0,0.06778746275862067,1.783444137931035E-6,3.391920137931032E-5,0.003955321241379309,0.0,3.922042689655172E-5,2.8724786206896547E-5,1.1265039999999997E-5,0.0050089482758620685,1.9494505517241382E-5,0.003225462620689656,5.99594896551724E-8,9.085222068965517E-6,0.0,0.0,7.016773793103447E-6,1.365596413793103E-7,5.605665793103438E-4,4.0289303448275845E-5,0.0,2.4665593793103438E-5,5.934107793103448E-4,5.913020206896549E-4,-3.2774406896552125E-5,0.060536837931034475,0.06041745931034483,5.135255172413793E-6,5.1294121379310344E-5,0.0,0.0,0.0,0.0,1.2892306206896547E-5,-1.6355103448275826E-5,9.15236275862069E-7,8.034758620689689E-7,0.0,2.0228951724137934E-6,1.7530599310344817E-4,0.0,1.0995180689655172E-5,4.027786896551724E-5,0.0,9.088423448275859E-8,1.6119305517241374E-4,0.0,1.5413791034482755E-6,1.1774033793103445E-4,1.932080068965517E-6,1.5165628413793102E-4,8.520554344827585E-5,0.0,0.001777674675862069,1.8474931034482698E-7,9.894273793103444E-4,3.353231034482758E-4,0.0,0.009585372427586206,0.009577629793103446,0.0,6.278482827586206E-5,4.795865448275862E-4,0.0044895420689655165,0.004480883448275861,1.2600089655172412E-5,3.871802068965514E-5,7.711286551724136E-5,8.584193793103448E-6,-1.35844137931034E-8,5.0397613793103455E-6,1.2511633103448272E-6,2.0131406896551723E-6,0.16672916482758615,6.012979310344827E-5,2.3726123448275873E-4,0.0,0.0,0.003691070413793102,0.0037314562068965513,1.180282620689655E-5,0.005118203172413787,4.5121737931034465E-5,7.337620689655177E-5,2.0071029655172404E-4,0.0,0.0013955532827586207,3.924489655172413E-6,1.8752944827586204E-5,1.6957406206896547E-4,0.0,0.0,0.0,-5.17793103448155E-8,1.0935170344827582E-5,-1.1888967586206894E-4,0.0,8.106395172413794E-4,0.0,2.1801183862068968E-4,0.00186585848275862,0.0,6.531043999999999E-4,0.0,-1.739586206896553E-6,0.0,4.326326896551725E-6,4.869983703448275E-5,5.092933103448276E-7,0.0,0.0,0.002360718344827586,0.004058740737931034,0.0020261055793103448,4.96025172413793E-7,1.2518502758620685E-4,1.3942655172413792E-5,0.0,1.0890662068965514E-4,0.0,0.0,0.00206397,1.8307380689655165E-6,1.350700068965517E-6,1.2961884689655168E-4,4.477817931034483E-4,0.0,2.024001420689655E-6,0.0,7.4360475862068955E-6,7.429208965517241E-6,-1.9248275862048776E-8,0.0,0.0,0.0,0.0,-9.820689655140767E-9,0.0,1.8612112413793093E-6,6.475420689655173E-6,-2.607412413793103E-7,1.725082206896552E-4,0.002425151413793103,0.0,3.712419999999998E-8,3.76125172413793E-8,0.0,3.936521655172415E-5,1.700727103448276E-4,0.0,6.134276551724137E-6,0.004451482068965522,1.798648E-5,1.778546965517243E-5,0.001171655827586207,0.0,0.0,8.387871099999996,-0.00128182068965517,-0.0011145289655172387,0.0011355744137931036,5.8005813793103456E-6,1.885867172413793E-4,
BTTUSDC,2.412199052873563E-5,2.4143817885057473E-5,3.9363903448275874E-6,0.0096465792137931,0.009643309022988503,1.0018322068965513E-7,0.0,1.6247782758620683E-9,4.79149425287355E-10,0.0,0.0,6.838155632183909E-8,2.295320114942528E-7,7.958012045977012E-8,0.0,8.403945149425287E-4,2.387051954022989E-8,4.892894781609194E-7,4.8058601609195396E-5,0.0,6.218522551724139E-7,3.354620919540229E-7,1.2551111954022986E-7,1.155952183908046E-4,2.2136869425287356E-7,3.7020617701149455E-5,1.2889446896551723E-9,1.2960907586206896E-7,0.0,0.0,1.1488879770114941E-7,2.416052919540231E-9,-1.8658068735632225E-6,5.481560000000001E-7,0.0,3.486125264367815E-7,7.888479241379311E-6,7.881678321839077E-6,-1.1085381609195778E-7,8.619588160919539E-4,8.598153999999999E-4,4.434880459770068E-8,7.693340436781608E-7,0.0,0.0,0.0,0.0,1.5011425517241373E-7,3.558112643678175E-7,1.1931380229885058E-8,2.974944827586243E-8,0.0,2.89305448275862E-8,1.6482455402298845E-6,0.0,1.534072137931034E-7,6.7266216091954E-7,0.0,1.559318873563218E-9,1.444775563218391E-6,0.0,1.886582367816092E-8,1.5004850804597699E-6,2.8989715862068962E-8,1.487436880459769E-6,9.060905908045974E-7,0.0,2.8072326827586196E-5,2.997456321839081E-9,9.686377701149421E-6,4.53687356321839E-6,0.0,1.1944286098850574E-4,1.194703836781609E-4,0.0,7.19232009195402E-7,5.5618082988505745E-6,7.339400919540232E-5,7.308680229885056E-5,2.413219080459769E-7,-1.336194206896552E-6,1.2151206666666664E-6,1.0248391724137929E-7,-2.8278988505746984E-10,6.158719770114938E-8,1.7839539540229883E-8,3.5444002298850585E-8,0.001688761875862068,6.196649425287355E-7,2.9173205977011485E-6,0.0,0.0,4.003445839080459E-5,4.049633218390803E-5,1.58147291954023E-7,-1.7987649655172522E-5,9.66836735632184E-7,-5.7955172413793595E-8,2.3496498160919545E-6,0.0,7.193904804597696E-6,5.436871264367814E-8,2.774979999999999E-7,2.008778758620689E-6,0.0,0.0,0.0,8.245517241377623E-10,2.2582258160919535E-7,-8.881117701149416E-7,0.0,8.768625747126435E-6,0.0,2.8305120091954025E-6,1.3274346436781596E-5,0.0,8.333802114942527E-6,0.0,-1.822896551724138E-8,0.0,5.814391034482759E-8,5.818300949425288E-7,5.153840689655172E-9,0.0,0.0,2.8413766436781602E-5,4.008642144827584E-5,2.037890485057471E-5,5.101220689655171E-9,1.2769918620689647E-6,1.5391721839080458E-7,0.0,1.3628356321839078E-6,0.0,0.0,2.3510462068965508E-5,2.4974289195402294E-8,8.990169885057458E-9,1.334324487356321E-6,5.836941379310345E-6,0.0,3.1426948137931034E-8,0.0,1.032348068965517E-7,1.0334847586206897E-7,1.036689655172411E-9,0.0,0.0,0.0,0.0,8.307816091954462E-10,0.0,4.1013130344827576E-8,1.1411478160919537E-7,-2.6871648275862074E-9,2.0034411034482755E-6,2.9444066321839088E-5,0.0,5.833679540229881E-10,5.879962068965516E-10,0.0,4.25351864367816E-7,1.6480601609195397E-6,0.0,1.176671816091954E-7,9.591720919540233E-5,3.562771586206896E-7,3.5629738850574726E-7,1.6626206091954022E-5,0.0,0.0,0.09647463311494248,4.157226436781611E-5,4.977246436781608E-5,2.032497724137931E-5,9.489351034482756E-8,1.8209943908045974E-6,
BTTUSDT,2.4262374827586194E-5,2.428332551724137E-5,3.855526206896552E-6,0.009663953034482758,0.009659975655172409,1.0005127586206897E-7,1.6247782758620683E-9,0.0,4.458620689655248E-10,0.0,0.0,6.817924137931035E-8,2.2617465517241376E-7,7.977828965517238E-8,0.0,8.327698275862069E-4,2.372406896551725E-8,4.878052068965516E-7,4.852643103448274E-5,0.0,6.182792413793104E-7,3.351524137931036E-7,1.26527E-7,1.1531868965517244E-4,2.203650344827587E-7,3.751278275862069E-5,1.2801096551724137E-9,1.2917841379310345E-7,0.0,0.0,1.1425128275862065E-7,2.4144151724137927E-9,-1.3887617241379292E-6,5.445082758620687E-7,0.0,3.47054724137931E-7,7.935596551724138E-6,7.92863793103448E-6,-7.363724137931509E-8,8.628788620689654E-4,8.607731034482758E-4,4.5224137931034E-8,7.749044482758619E-7,0.0,0.0,0.0,0.0,1.5134193103448276E-7,3.755172413793112E-7,1.1915151724137928E-8,3.0832068965517606E-8,0.0,2.8797862068965515E-8,1.6536486206896552E-6,0.0,1.529986551724138E-7,6.700751724137929E-7,0.0,1.5487986206896551E-9,1.4557699999999997E-6,0.0,1.8949641379310343E-8,1.4963286206896547E-6,2.8798262068965517E-8,1.4891895862068963E-6,9.061369310344826E-7,0.0,2.7950542413793095E-5,3.0704137931034486E-9,9.707231724137929E-6,4.513096551724137E-6,0.0,1.1910431827586205E-4,1.1913549586206895E-4,0.0,7.234798620689654E-7,5.586977586206897E-6,7.4842E-5,7.453589655172414E-5,2.4340734482758616E-7,-1.2870727586206899E-6,1.2076891379310342E-6,1.0246268965517242E-7,-2.7834137931034363E-10,6.14648620689655E-8,1.7683134482758623E-8,3.514758620689657E-8,0.0016790829999999998,6.214896551724136E-7,2.929853448275862E-6,0.0,0.0,4.0435886206896544E-5,4.090806896551724E-5,1.5817427586206896E-7,-1.396242068965515E-5,9.54456896551724E-7,-9.21931034482697E-9,2.3369855172413795E-6,0.0,7.6084017241379255E-6,5.409462068965516E-8,2.7724344827586193E-7,2.013346896551723E-6,0.0,0.0,0.0,8.262068965515682E-10,2.2374165517241373E-7,-9.418796551724137E-7,0.0,8.88245172413793E-6,0.0,2.8600173448275867E-6,1.3447172413793092E-5,0.0,8.272167241379311E-6,0.0,-1.8041379310344833E-8,0.0,5.8142103448275864E-8,5.891771448275861E-7,5.23086896551724E-9,0.0,0.0,2.8494820689655173E-5,4.007802413793103E-5,2.0395759999999996E-5,5.047468965517242E-9,1.2946727586206896E-6,1.5486737931034478E-7,0.0,1.3564244827586208E-6,0.0,0.0,2.3335979310344822E-5,2.5002396551724137E-8,9.253334482758622E-9,1.3407588965517243E-6,5.787362758620691E-6,0.0,3.114213724137932E-8,0.0,1.0416337931034483E-7,1.0428355172413792E-7,1.037241379310355E-9,0.0,0.0,0.0,0.0,7.975862068966053E-10,0.0,4.048529310344825E-8,1.1299137931034482E-7,-2.7169000000000004E-9,2.0013772413793093E-6,2.9655569999999996E-5,0.0,5.825486206896552E-10,5.87352068965517E-10,0.0,4.2271244827586184E-7,1.6587141379310351E-6,0.0,1.1859258620689651E-7,9.585882758620691E-5,3.592070344827583E-7,3.5919251724137924E-7,1.6476806206896546E-5,0.0,0.0,0.09719893868965512,4.108979310344828E-5,4.932348275862066E-5,2.0089975862068962E-5,9.414089655172412E-8,1.8445231034482752E-6,
BUSDUSDT,-7.829011494251662E-6,-3.897402298849497E-6,-1.6666206896551408E-5,-0.039476268965516155,-0.03656126436781497,-2.533103448274091E-8,4.79149425287355E-10,4.458620689655248E-10,0.0,0.0,0.0,3.54636781609195E-7,3.068160919540164E-7,8.831954023005077E-9,0.0,0.003425043678160929,2.474942528735776E-8,2.246052873563209E-6,3.1422114942528443E-4,0.0,1.9172551724137496E-6,2.1964597701149627E-6,1.4099011494253114E-6,-6.03011494252864E-4,2.4742988505751506E-7,2.066326436781885E-4,2.017793103448034E-9,1.733517241379334E-7,0.0,0.0,8.397195402298709E-7,-1.9076505747125617E-8,4.433250804597721E-4,9.415172413792713E-7,0.0,2.907308045977044E-6,-7.1324827586198335E-6,-7.111908045976172E-6,-9.042577011494172E-5,-5.44609195402175E-4,-4.755310344826346E-4,-8.900459770114846E-7,1.8252735632184293E-6,0.0,0.0,0.0,0.0,1.3249793103448613E-6,-1.7382988505747388E-5,-8.588505747135287E-10,4.80137931034466E-7,0.0,4.8820689655167604E-8,2.1062321839080572E-5,0.0,1.385931034482816E-7,3.16183908046004E-7,0.0,-4.417218390804411E-9,1.5091195402299222E-5,0.0,8.586045977011797E-8,4.410712643678319E-6,1.250917241379294E-7,1.1468443678161091E-5,5.417705747126459E-6,0.0,1.0777889655172525E-4,1.1301954022987512E-7,8.254436781609305E-5,3.6505747126442706E-6,0.0,4.3419432183909015E-4,4.3668425287357284E-4,0.0,5.27710114942544E-6,3.0084390804598537E-5,-2.546919540229683E-4,-2.3679540229883052E-4,1.5059195402298494E-6,4.374958620689672E-5,6.8407126436780836E-6,2.497448275862081E-7,-2.8009425287355444E-8,1.5562298850575E-7,9.959701149425075E-8,4.4266666666663926E-8,-0.001085227586206571,4.121264367816144E-6,1.7571402298851074E-5,0.0,0.0,3.892698850574836E-4,3.8062988505748385E-4,4.3445287356322944E-7,0.004931067586207013,-1.3108045977019883E-7,5.830034482758775E-5,5.25108045977028E-6,0.0,3.905007816092058E-4,8.083908045976911E-8,1.2724827586207625E-6,9.187379310345237E-6,0.0,0.0,0.0,2.321379310344743E-7,-1.3106367816091928E-6,-3.008050574712717E-5,0.0,8.962114942529115E-5,0.0,2.164510114942549E-5,2.2932459770114987E-4,0.0,1.3943609195403226E-5,0.0,5.848275862068811E-7,0.0,-4.684827586206142E-8,3.883206436781644E-6,5.4564827586207085E-8,0.0,0.0,1.6193770114942657E-4,3.1608282758620874E-4,1.7080473563218428E-4,-7.158620689655676E-9,1.3180827586207069E-5,1.500609195402326E-6,0.0,6.1105747126438485E-6,0.0,0.0,7.171724137931185E-5,1.1201218390804376E-7,2.531859770114991E-7,1.5419016091954334E-5,1.0275862068974133E-6,0.0,3.374365517241207E-8,0.0,1.536000000000144E-7,1.6292413793104914E-7,2.3013793103447343E-7,0.0,0.0,0.0,0.0,2.2790804597700728E-7,0.0,-8.371103448275492E-8,4.0121839080458963E-7,-3.95200000000003E-8,1.25138620689658E-5,8.821574712644138E-5,0.0,1.4699080459769946E-9,1.4193103448275725E-9,0.0,-1.3848022988505171E-6,1.766556321839145E-5,0.0,-5.486229885057071E-7,2.0252873563523193E-6,-1.3692206896551035E-6,-1.2830022988505101E-6,3.722977011494349E-5,0.0,0.0,1.337748402298863,-0.0014102298850574655,-0.0013602367816091874,1.3694482758620131E-5,2.148896551724082E-7,2.439002298850631E-5,
BZRXUSDT,0.0,0.0,0.0,0.0,0.0,0.0,0.0,0.0,0.0,0.0,0.0,0.0,0.0,0.0,0.0,0.0,0.0,0.0,0.0,0.0,0.0,0.0,0.0,0.0,0.0,0.0,0.0,0.0,0.0,0.0,0.0,0.0,0.0,0.0,0.0,0.0,0.0,0.0,0.0,0.0,0.0,0.0,0.0,0.0,0.0,0.0,0.0,0.0,0.0,0.0,0.0,0.0,0.0,0.0,0.0,0.0,0.0,0.0,0.0,0.0,0.0,0.0,0.0,0.0,0.0,0.0,0.0,0.0,0.0,0.0,0.0,0.0,0.0,0.0,0.0,0.0,0.0,0.0,0.0,0.0,0.0,0.0,0.0,0.0,0.0,0.0,0.0,0.0,0.0,0.0,0.0,0.0,0.0,0.0,0.0,0.0,0.0,0.0,0.0,0.0,0.0,0.0,0.0,0.0,0.0,0.0,0.0,0.0,0.0,0.0,0.0,0.0,0.0,0.0,0.0,0.0,0.0,0.0,0.0,0.0,0.0,0.0,0.0,0.0,0.0,0.0,0.0,0.0,0.0,0.0,0.0,0.0,0.0,0.0,0.0,0.0,0.0,0.0,0.0,0.0,0.0,0.0,0.0,0.0,0.0,0.0,0.0,0.0,0.0,0.0,0.0,0.0,0.0,0.0,0.0,0.0,0.0,0.0,0.0,0.0,0.0,0.0,0.0,0.0,0.0,0.0,0.0,0.0,0.0,0.0,0.0,0.0,0.0,0.0,0.0,0.0,0.0,
CELOUSDT,0.0,0.0,0.0,0.0,0.0,0.0,0.0,0.0,0.0,0.0,0.0,0.0,0.0,0.0,0.0,0.0,0.0,0.0,0.0,0.0,0.0,0.0,0.0,0.0,0.0,0.0,0.0,0.0,0.0,0.0,0.0,0.0,0.0,0.0,0.0,0.0,0.0,0.0,0.0,0.0,0.0,0.0,0.0,0.0,0.0,0.0,0.0,0.0,0.0,0.0,0.0,0.0,0.0,0.0,0.0,0.0,0.0,0.0,0.0,0.0,0.0,0.0,0.0,0.0,0.0,0.0,0.0,0.0,0.0,0.0,0.0,0.0,0.0,0.0,0.0,0.0,0.0,0.0,0.0,0.0,0.0,0.0,0.0,0.0,0.0,0.0,0.0,0.0,0.0,0.0,0.0,0.0,0.0,0.0,0.0,0.0,0.0,0.0,0.0,0.0,0.0,0.0,0.0,0.0,0.0,0.0,0.0,0.0,0.0,0.0,0.0,0.0,0.0,0.0,0.0,0.0,0.0,0.0,0.0,0.0,0.0,0.0,0.0,0.0,0.0,0.0,0.0,0.0,0.0,0.0,0.0,0.0,0.0,0.0,0.0,0.0,0.0,0.0,0.0,0.0,0.0,0.0,0.0,0.0,0.0,0.0,0.0,0.0,0.0,0.0,0.0,0.0,0.0,0.0,0.0,0.0,0.0,0.0,0.0,0.0,0.0,0.0,0.0,0.0,0.0,0.0,0.0,0.0,0.0,0.0,0.0,0.0,0.0,0.0,0.0,0.0,0.0,
CELRUSDT,0.0011479412229885061,0.001164135573563219,6.166041379310348E-5,0.34949262689655175,0.3533676252873564,5.1465227586206875E-6,6.838155632183909E-8,6.817924137931035E-8,3.54636781609195E-7,0.0,0.0,0.0,1.225299885057471E-5,4.520791574712644E-6,0.0,0.052682888160919546,1.4226273563218385E-6,3.2570597011494245E-5,0.0033318120804597703,0.0,3.349399000000001E-5,2.9228342528735642E-5,1.191845528735632E-5,0.0024873591954022965,1.3553637471264371E-5,0.0028508092643678164,6.369191034482758E-8,6.414580344827585E-6,0.0,0.0,1.0073440402298849E-5,2.4899173563218493E-8,0.002528190532183908,3.191458965517242E-5,0.0,3.36864059770115E-5,3.3048609310344835E-4,3.306627885057471E-4,-3.86375118390805E-4,0.040678063218390806,0.040662363448275854,7.159126436781442E-7,4.3234057701149414E-5,0.0,0.0,0.0,0.0,1.3422069310344827E-5,3.10662873563219E-5,5.784424942528732E-7,4.3136413793103715E-6,0.0,1.7776437931034478E-6,2.0749537701149424E-4,0.0,7.215328620689654E-6,2.7474077011494253E-5,0.0,3.807437126436783E-8,1.741432367816092E-4,0.0,1.342917977011494E-6,9.013935402298851E-5,1.861756172413794E-6,1.2134813264367812E-4,6.52074116091954E-5,0.0,0.0016708962310344826,1.2718641954022988E-6,8.18726367816092E-4,2.572504022988506E-4,0.0,0.007593604142528736,0.00759762383908046,0.0,6.539813528735631E-5,4.4551835977011496E-4,0.002312869770114941,0.0023344163218390803,1.9395617816091953E-5,1.9750726551724136E-4,8.267844022988507E-5,6.820944482758618E-6,-1.1609997701149417E-7,4.21313540229885E-6,1.3081022528735636E-6,1.7133359770114948E-6,0.09867121068965519,4.9923729885057466E-5,2.226563022988507E-4,0.0,0.0,0.004014831402298851,0.0040281307471264375,9.393293218390808E-6,0.023045370655172415,3.1042447126436786E-5,2.7907258620689656E-4,1.342292252873563E-4,0.0,0.002318964760919541,3.215825287356321E-6,1.9401303448275858E-5,1.5317190000000002E-4,0.0,0.0,0.0,3.5747586206895835E-7,2.9058297701149407E-6,-1.7219665057471265E-4,0.0,8.885632873563219E-4,0.0,2.1613968356321846E-4,0.0017278988045977012,0.0,5.093570126436781E-4,0.0,1.8104827586206899E-6,0.0,2.7709141379310353E-6,5.236090550574713E-5,5.873254137931032E-7,0.0,0.0,0.00210217732183908,0.003333423079310344,0.0018188112218390808,2.6792827586206893E-7,1.6126388275862065E-4,1.3915321264367817E-5,0.0,9.724295402298851E-5,0.0,0.0,0.001462488448275862,1.9109026321839082E-6,1.9799931839080456E-6,1.5136667022988507E-4,2.9282855172413797E-4,0.0,1.6145932034482763E-6,0.0,5.6221813793103466E-6,5.640785172413794E-6,3.750034482758588E-7,0.0,0.0,0.0,0.0,3.574045977011501E-7,0.0,1.3093228275862059E-6,5.9935890804597685E-6,-2.903947241379311E-7,1.4657364827586205E-4,0.0019319054195402305,0.0,3.113572183908045E-8,3.125112068965517E-8,0.0,2.3305341149425293E-5,1.72920708045977E-4,0.0,1.4605766666666663E-6,0.004669323908045978,7.35415827586206E-6,7.285119770114945E-6,8.502208390804598E-4,0.0,0.0,10.75346259195402,-0.0042728626436781625,-0.003940782643678162,7.713184827586208E-4,4.8857437931034486E-6,2.1079323333333329E-4,
CHRUSDT,0.001736263574712642,0.0017355682528735637,7.273676206896551E-4,1.1533760620689657,1.1520629080459779,1.586405172413793E-5,2.295320114942528E-7,2.2617465517241376E-7,3.068160919540164E-7,0.0,0.0,1.225299885057471E-5,0.0,1.1156907126436783E-5,0.0,0.16346593333333334,4.316621839080458E-6,7.579946666666664E-5,0.004315120459770115,0.0,1.0728715172413792E-4,6.68718735632184E-5,1.6052825287356322E-5,0.015361909195402305,3.864976781609196E-5,0.003922431264367817,2.1569651724137927E-7,2.032315172413793E-5,0.0,0.0,2.0064752643678155E-5,2.012347356321839E-7,-0.0018466833333333342,9.412648275862066E-5,0.0,8.014602528735633E-5,8.791556551724137E-4,8.764086436781605E-4,-3.0557825287356376E-4,0.09593243908045976,0.0954885,-1.627873563218524E-6,8.948034942528735E-5,0.0,0.0,0.0,0.0,1.6792579310344823E-5,-8.71843678160918E-5,1.7256539080459773E-6,-7.245724137930907E-6,0.0,5.079289655172413E-6,3.066485632183906E-4,0.0,2.4162986206896553E-5,1.0294735632183906E-4,0.0,2.527516091954023E-7,2.2101354022988512E-4,0.0,2.6938301149425293E-6,2.509096781609195E-4,5.475185517241377E-6,2.1961927126436774E-4,1.3491418160919535E-4,0.0,0.004964896689655171,1.2260816091953958E-7,0.0013590860919540223,8.470626436781611E-4,0.0,0.019102986563218384,0.019067203701149428,0.0,9.506528735632183E-5,8.203988390804599E-4,0.0025684839080459725,0.0024573735632183935,2.5548771264367808E-5,-1.971361379310346E-4,2.2580798160919536E-4,1.5779772413793095E-5,-1.4271839080459534E-8,9.823067816091952E-6,3.6806942528735625E-6,6.983035632183908E-6,0.2849597965517241,1.116623333333333E-4,3.953240919540231E-4,0.0,0.0,0.004394279540229887,0.004425642988505746,2.4653932183908046E-5,-0.021722744827586217,1.9430636781609208E-4,-2.3488224137931045E-4,4.363563908045978E-4,0.0,-2.224199425287363E-4,9.311759770114945E-6,5.046465517241378E-5,3.334838620689654E-4,0.0,0.0,0.0,1.662068965513689E-8,3.689033908045977E-5,1.2275656321839086E-4,0.0,7.405383908045978E-4,0.0,2.5361989080459763E-4,0.0020031394252873567,0.0,0.0016320747126436779,0.0,-5.704827586206898E-6,0.0,7.88713103448276E-6,4.878810195402299E-5,6.531803448275859E-7,0.0,0.0,0.0036212035632183903,0.006020592965517241,0.0028498029770114945,1.0344758620689657E-6,1.5927813793103433E-4,1.932854367816092E-5,0.0,2.462308850574713E-4,0.0,0.0,0.004104911034482759,3.806209080459767E-6,1.3825977011494254E-6,1.981305574712644E-4,0.0010997311379310343,0.0,6.023967517241381E-6,0.0,9.78129655172414E-6,9.775396551724136E-6,9.206896551721421E-8,0.0,0.0,0.0,0.0,2.1763218390802033E-7,0.0,8.939065172413792E-6,2.369028045977011E-5,-1.876179310344831E-7,3.3369427586206897E-4,0.003261814195402299,0.0,1.03249908045977E-7,1.0326279310344825E-7,0.0,7.32018252873563E-5,2.3002032183908045E-4,0.0,8.460611494252874E-6,0.008842942528735643,1.700980689655171E-5,1.7025201149425316E-5,0.003162397701149425,0.0,0.0,11.108602622988498,0.002433490804597699,0.003603377011494262,0.004115845172413794,1.9233589655172414E-5,2.3562288505747113E-4,
CHZUSDT,0.0012077375905747121,0.0012182427359770113,5.236208965517249E-5,0.4732239881379312,0.472004772183908,7.026295241379309E-6,7.958012045977012E-8,7.977828965517238E-8,8.831954023005077E-9,0.0,0.0,4.520791574712644E-6,1.1156907126436783E-5,0.0,0.0,0.0494742713678161,1.4513474252873572E-6,2.9214235149425273E-5,0.0034798935252873557,0.0,3.1234176103448264E-5,2.4035312183908044E-5,1.1130556632183905E-5,0.003692906954022988,1.5469068298850578E-5,0.003311514622988506,5.092530620689655E-8,7.165511758620688E-6,0.0,0.0,6.882947454022987E-6,9.871528011494259E-8,0.0012487176380459766,3.19959575862069E-5,0.0,2.298035659770116E-5,4.8407387551724135E-4,4.8302852781609187E-4,-9.710615528735666E-5,0.05181094977011494,0.05172959096551724,4.2059354022988384E-6,4.647221177011494E-5,0.0,0.0,0.0,0.0,1.2427013689655171E-5,1.0936780459770143E-5,6.903578494252875E-7,3.0285765517241508E-6,0.0,1.5984944482758621E-6,1.5868247425287357E-4,0.0,8.607576241379309E-6,3.211982632183908E-5,0.0,6.201165298850575E-8,1.5020320712643678E-4,0.0,1.3760504459770118E-6,9.501656505747126E-5,1.5632854586206896E-6,1.2077106354022991E-4,6.700318295402298E-5,0.0,0.0014669317893103446,3.7804259195402315E-7,8.173279505747123E-4,2.696896264367816E-4,0.0,0.0075871878066666645,0.007587995325287356,0.0,5.931907125287356E-5,4.3154493804597706E-4,0.0043669002183908045,0.004374769356321837,1.4134248333333335E-5,8.168920310344827E-5,6.576407298850574E-5,6.950264241379309E-6,-2.6247570114942496E-8,4.175936505747125E-6,9.91368508045977E-7,1.543123114942529E-6,0.11813877403448272,4.902195574712644E-5,2.1400684264367812E-4,0.0,0.0,0.003542303567816091,0.0035741597988505737,9.679032149425285E-6,0.012205500734482755,3.15345543678161E-5,1.5833727586206893E-4,1.4151295425287357E-4,0.0,0.001747811484367816,3.215278390804598E-6,1.7153074482758614E-5,1.4355370241379308E-4,0.0,0.0,0.0,2.1505517241383164E-8,7.48704152873563E-6,-1.564863967816092E-4,0.0,8.293219218390803E-4,0.0,2.0566822608045972E-4,0.0017238813356321837,0.0,4.962947088505747E-4,0.0,-8.752827586206897E-7,0.0,3.519379206896553E-6,4.974608006091956E-5,4.812781344827586E-7,0.0,0.0,0.0020346745390804593,0.0032445202003448265,0.0016850238345977012,3.394718275862068E-7,1.2654570758620687E-4,1.2957760402298846E-5,0.0,9.171335747126436E-5,0.0,0.0,0.0015398772241379318,1.6077367390804593E-6,1.4203299183908046E-6,1.2125345157471265E-4,3.2931551034482754E-4,0.0,1.5993443493103454E-6,0.0,6.832020758620688E-6,6.834093068965517E-6,4.968172413794232E-8,0.0,0.0,0.0,0.0,2.7965977011510982E-8,0.0,1.3752227724137923E-6,5.014883390804598E-6,-2.5369085862068974E-7,1.4357774689655178E-4,0.002162493348850575,0.0,2.946113632183908E-8,2.9808101724137923E-8,0.0,3.070301225287357E-5,1.603057025287357E-4,0.0,4.996963321839078E-6,0.004833819494252874,1.6359004931034477E-5,1.6129781770114946E-5,8.552249804597703E-4,0.0,0.0,8.491083130919538,-0.0020695904022988497,-0.0017639278505747116,8.015477655172416E-4,4.4072034137931035E-6,1.848757874712643E-4,
CKBUSDT,0.0,0.0,0.0,0.0,0.0,0.0,0.0,0.0,0.0,0.0,0.0,0.0,0.0,0.0,0.0,0.0,0.0,0.0,0.0,0.0,0.0,0.0,0.0,0.0,0.0,0.0,0.0,0.0,0.0,0.0,0.0,0.0,0.0,0.0,0.0,0.0,0.0,0.0,0.0,0.0,0.0,0.0,0.0,0.0,0.0,0.0,0.0,0.0,0.0,0.0,0.0,0.0,0.0,0.0,0.0,0.0,0.0,0.0,0.0,0.0,0.0,0.0,0.0,0.0,0.0,0.0,0.0,0.0,0.0,0.0,0.0,0.0,0.0,0.0,0.0,0.0,0.0,0.0,0.0,0.0,0.0,0.0,0.0,0.0,0.0,0.0,0.0,0.0,0.0,0.0,0.0,0.0,0.0,0.0,0.0,0.0,0.0,0.0,0.0,0.0,0.0,0.0,0.0,0.0,0.0,0.0,0.0,0.0,0.0,0.0,0.0,0.0,0.0,0.0,0.0,0.0,0.0,0.0,0.0,0.0,0.0,0.0,0.0,0.0,0.0,0.0,0.0,0.0,0.0,0.0,0.0,0.0,0.0,0.0,0.0,0.0,0.0,0.0,0.0,0.0,0.0,0.0,0.0,0.0,0.0,0.0,0.0,0.0,0.0,0.0,0.0,0.0,0.0,0.0,0.0,0.0,0.0,0.0,0.0,0.0,0.0,0.0,0.0,0.0,0.0,0.0,0.0,0.0,0.0,0.0,0.0,0.0,0.0,0.0,0.0,0.0,0.0,
