 ,BNBUSDC,BNBUSDT,BNTUSDT,BTCUSDC,BTCUSDT,BTSUSDT,BTTUSDC,BTTUSDT,BUSDUSDT,BZRXUSDT,CELOUSDT,CELRUSDT,CHRUSDT,CHZUSDT,CKBUSDT,COMPUSDT,COSUSDT,COTIUSDT,CRVUSDT,CTKUSDT,CTSIUSDT,CTXCUSDT,CVCUSDT,DASHUSDT,DATAUSDT,DCRUSDT,DENTUSDT,DGBUSDT,DIAUSDT,DNTUSDT,DOCKUSDT,DOGEUSDT,DOTUSDT,DUSKUSDT,EGLDUSDT,ENJUSDT,EOSUSDC,EOSUSDT,ETCUSDT,ETHUSDC,ETHUSDT,EURUSDT,FETUSDT,FILUSDT,FIOUSDT,FIROUSDT,FLMUSDT,FTMUSDT,FTTUSDT,FUNUSDT,GBPUSDT,GRTUSDT,GTOUSDT,GXSUSDT,HARDUSDT,HBARUSDT,HIVEUSDT,HNTUSDT,HOTUSDT,ICXUSDT,INJUSDT,IOSTUSDT,IOTAUSDT,IOTXUSDT,IRISUSDT,JSTUSDT,JUVUSDT,KAVAUSDT,KEYUSDT,KMDUSDT,KNCUSDT,KSMUSDT,LINKUSDC,LINKUSDT,LITUSDT,LRCUSDT,LSKUSDT,LTCUSDC,LTCUSDT,LTOUSDT,LUNAUSDT,MANAUSDT,MATICUSDT,MBLUSDT,MDTUSDT,MFTUSDT,MITHUSDT,MKRUSDT,MTLUSDT,NANOUSDT,NBSUSDT,NEARUSDT,NEOUSDC,NEOUSDT,NKNUSDT,NMRUSDT,NULSUSDT,OCEANUSDT,OGNUSDT,OGUSDT,OMGUSDT,ONEUSDT,ONGUSDT,ONTUSDT,ORNUSDT,OXTUSDT,PAXGUSDT,PAXUSDT,PERLUSDT,PNTUSDT,PSGUSDT,QTUMUSDT,REEFUSDT,RENUSDT,REPUSDT,RIFUSDT,RLCUSDT,ROSEUSDT,RSRUSDT,RUNEUSDT,RVNUSDT,SANDUSDT,SCUSDT,SFPUSDT,SKLUSDT,SNXUSDT,SOLUSDT,SRMUSDT,STMXUSDT,STORJUSDT,STPTUSDT,STRAXUSDT,STXUSDT,SUSDUSDT,SUSHIUSDT,SXPUSDT,TCTUSDT,TFUELUSDT,THETAUSDT,TOMOUSDT,TRBUSDT,TROYUSDT,TRUUSDT,TRXUSDC,TRXUSDT,TUSDUSDT,TWTUSDT,UMAUSDT,UNFIUSDT,UNIUSDT,USDCUSDT,UTKUSDT,VETUSDT,VITEUSDT,VTHOUSDT,WANUSDT,WAVESUSDT,WINGUSDT,WINUSDC,WINUSDT,WNXMUSDT,WRXUSDT,WTCUSDT,XEMUSDT,XLMUSDT,XMRUSDT,XRPUSDC,XRPUSDT,XTZUSDT,XVSUSDT,YFIIUSDT,YFIUSDT,ZECUSDC,ZECUSDT,ZENUSDT,ZILUSDT,ZRXUSDT,
BNBUSDC,0.0,0.8590815595172411,-0.006410573551724218,176.79472932068953,175.56067502758611,0.002885232244827586,7.870055344827587E-6,8.271410344827586E-6,7.130689655137274E-7,0.10731084624137933,0.0,2.8681142068965525E-4,6.842908620689641E-4,4.089622593103446E-4,0.0,8.975068044827587,2.2753507931034479E-4,0.003620594937931037,0.8088738303448276,0.0,0.0016362289206896538,0.003924372379310345,8.993622137931057E-4,1.5902670793103422,9.790429689655168E-4,0.1333892548275865,5.884355137931027E-6,6.314316206896487E-5,0.0,0.0,9.560525606896561E-4,2.0825299827586127E-5,0.36496462148275954,0.0032475985862068933,-1.3022561131034471,9.93013962068967E-4,0.11618378879310338,0.11817490148275854,0.11610132665517231,16.394615051724138,16.43867387931034,0.003018595827586198,0.00488538841724138,0.0,0.0,0.0,0.0,0.0028717495448275883,0.185593524137931,8.99075927586206E-5,0.005202439517241393,0.0,6.715024862068966E-4,6.937572413795445E-5,0.0,1.2744029310344835E-4,0.004619512137931029,0.0,3.5308044827585956E-6,0.017661667310344856,0.0,1.8951259413793107E-4,0.0058327061379310355,4.2680029137931046E-4,-4.2239418275861026E-4,6.478872758621003E-5,0.0,0.09781057455172407,3.251897058620694E-4,-0.008588981034482674,0.050496568620689616,0.0,0.5549161460344826,0.5539207119310343,0.0,0.009669289165517249,0.053107834344827624,2.0401037965517244,2.0486526137931027,0.004882773855172419,0.018353043310344916,0.0015486195241379325,8.001697379310342E-4,2.614794999999995E-5,4.3728965862068966E-4,9.364185172413953E-6,2.533482275862068E-4,13.740616972413775,0.0033110058275862097,0.011087411862068993,0.0,0.0,0.8587684893103453,0.8838213968965524,5.874466931034477E-4,2.726728380344836,0.004598432517241369,0.02074160555172424,0.011972615517241374,0.0,0.14582399875862131,2.722907586206896E-4,0.0036990085172413792,0.025252942517241396,0.0,0.0,271.71533141379325,1.7883034482751752E-5,-1.9345261034483366E-4,8.774046551723333E-4,0.0,0.09295886586206914,0.0,0.036286531562068985,0.29984599793103434,0.0,0.029767368068965464,0.0,0.004565793082758624,0.0,3.730252965517239E-4,0.010039079808275867,1.7539700379310368E-4,0.0,0.0,0.3889789358620691,0.14809094079310375,0.23184140586206922,3.515516413793102E-5,0.053446446793103494,5.858858344827598E-4,0.0,1.7228958620689222E-4,0.0,0.7754849410344832,-0.021415585517241435,0.002105485285862069,3.6759591724138185E-5,0.009347373575862086,0.011908142689655125,9.19336759758621,8.116185889655172E-5,0.0,0.0012739243931034498,0.001273194982758622,8.296137931029926E-6,0.0,0.0,0.0,0.0,-3.501448275865689E-6,0.0,1.1794900793103374E-4,1.2369088275861924E-4,-5.310965517247739E-8,0.016039548448275882,0.24478264413793105,0.0,2.512870999999999E-6,2.3590176896551727E-6,10.34291418758621,0.0023450991586206863,0.0063589130689655346,0.0,0.0019194318827586174,2.1271742862068956,0.005279770589655167,0.005326777034482745,0.0023464112413792465,0.0,761.043876496552,2803.1497597965554,2.247171293103445,2.287190175862065,-0.0026646124137935235,1.9633451034482667E-4,0.013488999034482795,
BNBUSDT,0.8590815595172411,0.0,-0.003681001862068981,185.5153919333332,184.2754954275861,0.0028278417057471263,7.752045747126435E-6,8.174809195402295E-6,9.446735632180021E-6,0.1016589507356322,0.0,3.1090756091954033E-4,7.978997931034484E-4,4.409427411494251E-4,0.0,8.955880508045976,2.4064747356321826E-4,0.003674282986206898,0.7967430783908044,0.0,0.0018116429747126429,0.004105386620689655,9.907487678160918E-4,1.726816933333332,0.0010895511080459776,0.1647094914942527,6.175951103448271E-6,9.290610114942553E-5,0.0,0.0,9.99609464827586E-4,2.4692011494252842E-5,0.35647145680459796,0.0034169750114942513,-1.4249265140229876,0.0012873280988505765,0.11858522471264359,0.1206872811724137,0.12217960599999991,16.504191701149423,16.55809522988506,0.0030088101839080383,0.004997493073563216,0.0,0.0,0.0,0.0,0.002815527852873562,0.18517150689655165,9.505822137931027E-5,0.005133720620689667,0.0,6.781057057471263E-4,0.0013017082068965623,0.0,1.8022656321839032E-4,0.005064388022988506,0.0,4.586856781609194E-6,0.018644053770114938,0.0,2.002987714942528E-4,0.006411841402298851,4.3310568390804606E-4,-4.4428737931037967E-5,1.0327236091953854E-4,0.0,0.10650565917241374,3.2562952045977003E-4,-0.006570281954022996,0.053044075402298836,0.0,0.5748797764367818,0.5740678959080461,0.0,0.00957442597931034,0.055370271540229866,2.1068071540229885,2.117320370114941,0.004843640933333332,0.01872205855172415,0.0016616802390804612,8.399551103448273E-4,2.9595687356321807E-5,4.5318224597701165E-4,1.291709287356319E-5,2.681686367816092E-4,14.36867602068965,0.003888863977011491,0.013544662022988496,0.0,0.0,0.8581873845977006,0.8836134027586204,6.433004758620687E-4,2.816888572643677,0.005502815655172412,0.022436659586206893,0.012594475402298851,0.0,0.1582726417931032,2.938326551724138E-4,0.0040369888275862045,0.026626964045977006,0.0,0.0,262.6412582413794,2.6772551724130687E-5,-1.42903540229897E-5,0.002441312068965504,0.0,0.10050894068965509,0.0,0.0364358438643678,0.34618457770114913,0.0,0.03308235535632184,0.0,0.004513315328735631,0.0,4.047154643678161E-4,0.010165445413333333,1.7887924873563222E-4,0.0,0.0,0.3943675363218391,0.1501505288735632,0.2286986577011494,4.0374464827586195E-5,0.053701780436781615,6.641628367816086E-4,0.0,7.600169195402259E-4,0.0,0.7410632064367817,-0.013175978390804602,0.0020599219179310343,5.430424298850588E-5,0.00976498066436782,0.014591896459770123,9.036916174942533,9.766543622988501E-5,0.0,0.0011621497080459774,0.0011635362643678162,1.6343931034477744E-5,0.0,0.0,0.0,0.0,4.879333333329423E-6,0.0,1.4937329793103423E-4,2.0315922298850522E-4,2.677226206896542E-6,0.016201718275862073,0.2505364227586206,0.0,2.4028992643678145E-6,2.228134965517242E-6,10.181372999540226,0.0025504204068965515,0.007548707425287351,0.0,0.002036366199999997,2.232049370114941,0.005485692590804595,0.0055379701264367705,0.0073980575172413535,0.0,726.8679223172413,2724.932621809195,2.3773063678160913,2.4224820160919527,0.014737153563218149,2.3542756551724089E-4,0.014756463885057467,
BNTUSDT,-0.006410573551724218,-0.003681001862068981,0.0,53.02378807931035,52.45164837241376,-0.0010201159965517242,4.3762879310344935E-7,4.22847931034482E-7,-2.5143827586208188E-5,-0.055023267206896556,0.0,-1.433454068965518E-4,8.714106896551726E-4,1.858982137931045E-5,0.0,-4.095608196551724,-5.112989655172397E-6,-0.00196603647586207,-0.3938433903448276,0.0,0.001165564127586207,-0.0018818786551724144,-8.30822855172414E-4,1.5975198724137936,1.505786586206898E-4,0.005263544482758553,3.838560310344827E-6,3.5636188620689663E-4,0.0,0.0,-4.670828668965517E-4,4.0092584655172394E-5,-0.6685671005862068,6.643365172413792E-4,-0.39053787862068967,2.1269123793103491E-4,0.0038225681034482666,0.0040160894137931035,0.07637911251724142,-1.2820880172413789,-1.2611247413793096,-3.733283103448309E-4,-0.0014465917896551717,0.0,0.0,0.0,0.0,-0.002204408489655173,-0.04208546206896552,9.988930689655153E-6,-0.0021095363448275896,0.0,-1.0142385862068969E-4,-0.01578756565517241,0.0,3.434593275862069E-4,0.0029963445517241383,0.0,1.451237482758621E-5,-0.015239409931034476,0.0,-4.592857827586206E-5,6.331047586206899E-4,-1.5302891551724138E-4,-0.008619382079310345,-0.004658580168965517,0.0,0.04418441248275862,-2.4803629758620685E-4,-0.06578532517241381,0.01061136862068965,0.0,-0.19838870913793102,-0.19868704772413792,0.0,-0.007312347937931033,-0.023198370827586207,0.09382479655172422,0.09005713103448286,-0.0023416782482758624,-0.05415076841379311,-0.0016532616827586214,-1.1406719310344825E-4,2.6924229310344837E-5,-1.7439958275862068E-4,-3.614868034482759E-5,1.0732502068965518E-4,-1.6908748896551722,-2.258200344827609E-4,-0.002091134344827589,0.0,0.0,-0.6248258555172413,-0.6199484617241379,8.5299175862069E-5,-5.442190819655172,0.009556435965517245,-0.06052217479310344,-4.614720689655178E-4,0.0,-0.34436581537931044,7.137044827586206E-5,7.740150689655172E-4,-0.005035462310344825,0.0,0.0,-147.25417337931032,-2.9581448275864247E-5,0.0033592718034482763,0.04351866741379311,0.0,-0.04911377206896552,0.0,-0.024386777851724138,0.05784662551724136,0.0,0.014577096,0.0,-0.002100568227586207,0.0,2.0574805517241374E-4,-0.006083129008965517,-9.16123203448276E-5,0.0,0.0,-0.17835515379310343,-0.341840770586207,-0.26291922931034484,2.0332767586206897E-5,-0.030945790793103445,-9.731046827586205E-4,0.0,4.319826896551714E-4,0.0,-0.32268103827586214,-0.006779930344827597,-8.587059555172414E-4,-1.6987230827586203E-4,-0.014344549458620692,0.02157120337931034,-4.282287654137931,1.1094194682758622E-4,0.0,-0.0010629356758620689,-0.0010543563965517244,-2.663731034483034E-5,0.0,0.0,0.0,0.0,-2.2430068965521452E-5,0.0,5.037441286206897E-4,6.540042620689655E-4,4.874171103448276E-5,-0.010701154655172412,-0.13115906827586205,0.0,-1.0623896896551725E-6,-1.1294867931034488E-6,-4.340120233103448,6.617212620689654E-4,-0.011843310724137928,0.0,0.0013912045724137928,0.5090815620689662,0.0026338701068965523,0.0026489165862068976,0.05212372848275863,0.0,-321.76017191724134,-2641.8419831,2.2090140517241386,2.224492417241379,0.22401240482758616,3.854710275862068E-4,-0.016977610965517233,
BTCUSDC,176.79472932068953,185.5153919333332,53.02378807931035,0.0,124359.37457655168,-0.005179460114942421,0.005681591729885054,0.005863005954022985,0.008178359770113382,-34.39403271609195,0.0,0.1706321533333334,1.5997670275862073,0.47681673487356335,0.0,276.9564725287357,0.14829886218390806,0.5606425062068972,50.03825328735637,0.0,2.990859017126436,1.0345644517241392,0.4689660740229888,1936.3786874712648,1.2554407145977022,221.46958842528755,0.0050592775551724116,0.7085686642528736,0.0,0.0,0.1449090432413795,0.04983391492528735,-402.4667906885055,2.2728182908045977,-916.3200834022987,1.8037645647126455,69.29479876436783,69.83151967931033,119.7158450586207,4067.307089080462,4121.3033591954045,0.6232983597701149,2.8917236801149424,0.0,0.0,0.0,0.0,-0.903329732643678,-3.824381379310343,0.0931365558965517,-0.8185739172413784,0.0,0.12108589160919538,-0.9375951931034361,0.0,0.9826151925287351,6.2105582919540225,0.0,0.01757023098850574,0.4808391080459856,0.0,0.1184953462183908,7.8883719264367835,0.02979429201149419,0.22430202517241363,-0.3687886394252876,0.0,117.1429644413793,-0.16344320460919537,-6.196917333333325,32.30123267816093,0.0,295.32457097126456,295.14263012873585,0.0,-2.2960217131034466,16.369001312643693,1103.958108850575,1107.458408735632,-0.8088448039080461,-34.64914908965516,0.2547579452873555,0.4943943848275866,0.04231052787356322,0.20558712149425296,0.038087589528735644,0.2505825002298851,8572.835061379315,4.967127118390805,21.266938595402312,0.0,0.0,-163.7622495057471,-149.13317417241373,0.8613118996551725,-3059.9219209080447,11.857219575862072,-31.57930479655172,10.00901495402299,0.0,-113.97990166896548,0.2526324034482758,3.2653694241379316,13.046035759770122,0.0,0.0,-109223.69826551726,0.005067834482756192,3.236249344942528,24.35234060344827,0.0,44.70468893103452,0.0,1.9543362633333334,295.98199756321833,0.0,40.97694054942531,0.0,-1.397993062298851,0.0,0.5011840209195404,-0.5643302892183908,-8.467819885057423E-4,0.0,0.0,38.55866687356324,-90.18613834367817,-114.11371336781609,0.05873419427586207,-11.03524100114942,0.29426383264367817,0.0,5.079723926436782,0.0,-225.3726521494254,77.50564498850578,-0.2605169716896551,0.01720389416091969,-2.7108689208045913,37.483348018390814,-2349.2000610229875,0.22286796796091957,0.0,-0.540724951954023,-0.525812685632184,0.004605937931033301,0.0,0.0,0.0,0.0,0.0059522022988482285,0.0,0.5044035750689655,0.8376923864367815,0.036754187172413785,0.4583567758620691,82.58729965517247,0.0,2.8372778505747037E-4,1.7898723103448137E-4,-2389.618454390805,2.693010584137932,4.829026808045986,0.0,2.1772926703448268,1088.6220966666672,4.42637354908046,4.458851926436781,92.54594894482759,0.0,-229990.43371862077,-1357854.1816256319,2072.6478764367816,2108.6426640229884,219.41027239080458,0.5477913006896552,2.3740670505747175,
BTCUSDT,175.56067502758611,184.2754954275861,52.45164837241376,124359.37457655168,0.0,-0.009335798620688937,0.005628969931034483,0.00580924993103448,0.010144296551722566,-34.25763484827583,0.0,0.17111806137931046,1.5913833551724144,0.47254817579310343,0.0,286.4197627586247,0.1476184662068966,0.5657981200000014,51.952250758620586,0.0,2.98093722,1.041064951724139,0.47826382689655184,1921.4616937931032,1.2434500910344832,221.3069336551723,0.005031647779310344,0.7031146337931036,0.0,0.0,0.1493058566896554,0.04943025244827584,-397.0349690620688,2.253525434482759,-914.3785859310341,1.8048095158620696,68.94215386206893,69.47666531724133,118.84855255862065,4017.864472413795,4072.21369310345,0.614368020689654,2.8760103393103447,0.0,0.0,0.0,0.0,-0.8942582062068959,-3.828135517241369,0.09266389641379306,-0.806904675862068,0.0,0.12074236344827591,-0.8168353310344734,0.0,0.9779499517241377,6.172207855172413,0.0,0.017419893482758617,0.5657598551724149,0.0,0.11857806179310343,7.860536282758621,0.030511525517241428,0.2750326027586218,-0.3517880848275836,0.0,116.77655330344827,-0.16155744144827575,-5.7866260344827465,32.080167103448275,0.0,293.40802896551736,293.2618228068967,0.0,-2.273301675172413,16.385494117241386,1098.8194427586204,1102.4001248275856,-0.7975885096551717,-34.08842467586206,0.27322387172413926,0.4916334986206897,0.04205349137931034,0.2039666082758621,0.03860776200000003,0.2494457462068966,8456.370023448279,4.970063055172411,21.271365744827584,0.0,0.0,-160.26120289655177,-145.7388074482759,0.8570013255172411,-3002.430417172413,11.791564903448277,-30.932734124137934,9.936540034482759,0.0,-109.97440973793113,0.2508768931034483,3.2638678551724127,13.057844972413791,0.0,0.0,-108659.52466896543,0.007042558620687218,3.2045592662068954,24.020924103448266,0.0,45.15405255172409,0.0,2.06177015586207,297.2269998620688,0.0,40.62912422758622,0.0,-1.381401270344827,0.0,0.4971751634482757,-0.5442135715172397,-3.4661675862068423E-4,0.0,0.0,39.06707710344831,-88.30593323448265,-112.83570727586194,0.058404648758620684,-10.893763455172403,0.3027781544827583,0.0,5.066226455172413,0.0,-224.5600201379309,76.945957862069,-0.257479049793103,0.018656066000000075,-2.625507166206891,37.125253868965515,-2336.1724054482734,0.22191715293793107,0.0,-0.5407498565517238,-0.5258087241379307,0.006489386206895366,0.0,0.0,0.0,0.0,0.007869799999997661,0.0,0.5007001228275861,0.8345207186206894,0.0364356216551724,0.4942772068965566,82.01336227586208,0.0,2.758422275862082E-4,1.707190068965519E-4,-2370.517607379308,2.6507896324137934,4.900440296551722,0.0,2.1618639841379297,1084.0631593103446,4.3833437737931025,4.416701696551723,92.05102004827587,0.0,-229201.60009103434,-1341338.027088275,2049.1539931034467,2085.569794482757,217.92527813793097,0.5446187489655174,2.531589993103446,
BTSUSDT,0.002885232244827586,0.0028278417057471263,-0.0010201159965517242,-0.005179460114942421,-0.009335798620688937,0.0,5.091948850574713E-8,5.043002298850576E-8,-3.2289540229880735E-7,0.002139706332183908,0.0,1.177528505747126E-6,-2.133203448275865E-6,1.8942403218390791E-6,0.0,0.1540772352873563,1.369104252873564E-6,3.910498827586206E-5,0.006872983701149423,0.0,-3.537583563218394E-6,3.208857586206896E-5,6.614580229885057E-6,-0.012148939425287364,6.6875952873563236E-6,-0.0010111792988505722,-1.9263700000000003E-8,-3.1097088505747154E-6,0.0,0.0,6.948159931034481E-6,-4.4698462643678164E-7,0.006749042008045978,2.1927001149425294E-5,0.0023850934252873557,-1.1297198735632182E-5,3.766923850574713E-4,3.7526999655172386E-4,-5.196349689655179E-4,0.11736179597701149,0.11708170057471265,1.5625690804597736E-5,1.9273184942528722E-5,0.0,0.0,0.0,0.0,4.448013356321838E-5,0.0014060813793103453,4.1252196551724154E-7,4.052482068965525E-5,0.0,4.671213678160922E-6,1.0015975172413787E-4,0.0,-1.7578591954022977E-6,-1.2905025287356326E-5,0.0,-1.273087701149426E-7,1.662135494252874E-4,0.0,1.1584400804597702E-6,2.7520588505747146E-5,3.7591961494252896E-6,1.1712596586206898E-4,7.581407229885056E-5,0.0,-2.14668772413793E-4,2.1179529080459775E-6,8.15055563218391E-4,2.3379495402298862E-4,0.0,0.005964379591954023,0.0059150718666666656,0.0,1.246894427586207E-4,4.090911885057472E-4,0.0041231136781609175,0.003961405977011493,3.619927609195401E-5,4.6674302758620696E-4,3.6602958390804603E-5,3.1233144827586167E-6,-2.597617816091956E-7,5.861140114942528E-6,3.0574152873563204E-7,5.955326436781607E-7,0.1779081089655172,2.955863218390846E-6,-5.057976321839074E-5,0.0,0.0,0.010333369666666665,0.010335512862068966,1.8569631034482742E-6,0.04947676847126438,-8.511496896551725E-5,4.5667190689655164E-4,1.5506726436781616E-4,0.0,0.0024769269034482758,1.8341379310344837E-7,-3.108548275862061E-6,1.1629873218390803E-4,0.0,0.0,3.31576215862069,-2.2764137931032068E-7,-3.619755091954023E-5,-3.97722051724138E-4,0.0,3.830456206896549E-4,0.0,4.10450026091954E-4,-0.0014225118850574735,0.0,1.4724977701149444E-4,0.0,4.212841563218392E-5,0.0,-1.0499639080459776E-6,7.357235029885056E-5,1.3603571149425291E-6,0.0,0.0,0.003531935701149425,0.005823623042528736,0.004782558252873564,3.4315103448275825E-8,4.7928992298850587E-4,7.95985954022988E-6,0.0,2.017278160919492E-6,0.0,0.010278445988505748,5.783604367816092E-4,3.056615231034483E-5,3.9488705747126444E-7,1.6159995436781607E-4,-7.232562988505752E-5,0.11069047490804598,-9.885894114942528E-7,0.0,2.3575443218390802E-5,2.3344086781609194E-5,-3.1653793103444837E-7,0.0,0.0,0.0,0.0,-2.3058390804591586E-7,0.0,-3.9862334827586215E-6,-5.665639770114943E-6,-5.081666896551722E-7,2.6225618965517247E-4,0.0022282918275862065,0.0,4.973656436781609E-8,5.062761724137931E-8,0.10949986202298852,1.2110444137931044E-5,1.1554524252873556E-4,0.0,-1.1055648965517243E-5,-2.7514747126438076E-4,-5.387601264367823E-6,-5.575863218390821E-6,-1.5257776551724152E-4,0.0,10.183654700689656,47.682892465402304,-0.014917040804597704,-0.01513038632183907,-0.001875111885057472,-1.2915158620689667E-6,1.2327194022988504E-4,
BTTUSDC,7.870055344827587E-6,7.752045747126435E-6,4.3762879310344935E-7,0.005681591729885054,0.005628969931034483,5.091948850574713E-8,0.0,1.0373778160919542E-9,-1.450402298850525E-9,-6.637776436781599E-7,0.0,2.6238091954022978E-8,1.431728620689655E-7,4.8585166666666646E-8,0.0,3.4568182183908043E-4,1.3297856321839082E-8,1.9740313793103445E-7,2.3506797701149417E-5,0.0,2.8565086781609204E-7,8.632258620689662E-8,3.083681609195403E-8,5.702700574712649E-5,1.204804770114943E-7,6.665408045977092E-7,4.385774137931037E-10,7.652882183908044E-8,0.0,0.0,1.6438120689655162E-8,1.8690099425287346E-9,-2.5209814195402307E-5,2.1537787356321833E-7,-7.4782850574712615E-6,-1.485632183909624E-11,6.173222126436782E-6,6.162367068965515E-6,5.558397413793101E-6,4.205019252873564E-4,4.1953628160919525E-4,4.430201149425255E-8,3.683168908045977E-7,0.0,0.0,0.0,0.0,5.675873563218387E-9,-2.5594482758620677E-7,8.364563793103447E-9,-1.9005862068965274E-8,0.0,1.4383040229885058E-8,-2.9414137931034666E-8,0.0,1.037838908045977E-7,4.3881126436781604E-7,0.0,1.1948791954022986E-9,1.0572666666666641E-7,0.0,8.951116666666665E-9,7.764716091954023E-7,1.3170213218390799E-8,5.381170517241375E-7,3.878620057471263E-7,0.0,1.1110817241379306E-5,-8.577883333333337E-9,3.0919173563218372E-6,2.1875557471264376E-6,0.0,5.1153354195402306E-5,5.112822149425287E-5,0.0,1.3877572413793082E-7,1.5090685057471261E-6,6.362100574712645E-5,6.334194252873559E-5,1.9277367816091925E-8,-3.143084137931035E-6,2.628548735632183E-7,5.1790724137931025E-8,2.0032235632183908E-9,2.541737356321838E-8,7.488371839080459E-9,2.091098850574713E-8,9.289820689655171E-4,2.495727011494253E-7,1.003578505747127E-6,0.0,0.0,3.1743890804597604E-6,3.822115517241362E-6,8.09103275862069E-8,-2.3211732011494256E-4,5.815370689655175E-7,-2.541090862068966E-6,1.2819136781609193E-6,0.0,-1.1833780689655175E-5,2.6040103448275855E-8,1.3784086206896545E-7,9.083433908045976E-7,0.0,0.0,-0.0016301547586206903,-1.9937931034482957E-9,1.683820977011495E-7,4.791118965517243E-7,0.0,1.2472293103448268E-6,0.0,8.52228247126437E-7,-3.0088678160919592E-6,0.0,3.960138045977011E-6,0.0,-4.787709195402301E-8,0.0,3.2929540229885056E-8,2.1261101609195406E-7,4.722442528735609E-10,0.0,0.0,1.1293566666666665E-5,1.2810423045977004E-5,4.6915114942528735E-6,4.162862068965518E-9,-1.5941994252873597E-7,3.823636781609191E-8,0.0,4.793902298850574E-7,0.0,-5.898237356321837E-6,1.1467340229885058E-5,5.611346551724146E-9,-6.699504597701154E-9,-1.4814856321839331E-8,3.4466063218390794E-6,-2.837162643678172E-6,1.8943271954023E-8,0.0,4.815577011494253E-8,4.8289454022988496E-8,-1.7655172413792135E-9,0.0,0.0,0.0,0.0,-1.760114942528656E-9,0.0,2.305903965517241E-8,4.461285057471263E-8,2.8121379310344836E-10,6.221918965517238E-7,1.439901068965517E-5,0.0,2.3233316091954014E-10,2.360994827586206E-10,-2.7170852873563266E-5,2.7092662068965515E-7,2.0376821839080446E-7,0.0,1.1268951724137933E-7,2.5214339080459782E-5,2.2299216666666663E-7,2.2473209195402307E-7,9.306916551724135E-6,0.0,-0.006066311310344826,-0.0024274354080459875,1.102690229885059E-5,1.7512350574712646E-5,8.990701149425288E-6,4.388810344827585E-8,1.4553919540229844E-7,
BTTUSDT,8.271410344827586E-6,8.174809195402295E-6,4.22847931034482E-7,0.005863005954022985,0.00580924993103448,5.043002298850576E-8,1.0373778160919542E-9,0.0,-1.379195402298798E-9,-7.34461954022986E-7,0.0,2.6663574712643672E-8,1.4288299999999994E-7,4.938960804597698E-8,0.0,3.4059921839080476E-4,1.3436804597701148E-8,1.984648620689655E-7,2.409297701149425E-5,0.0,2.86994264367816E-7,9.169137931034485E-8,3.3660298850574704E-8,5.900705747126437E-5,1.21565183908046E-7,1.447235632183912E-6,4.395958620689654E-10,7.690687356321839E-8,0.0,0.0,1.7095596551724145E-8,1.9208870114942506E-9,-2.475071195402298E-5,2.162159770114942E-7,-9.28409195402297E-6,4.762988505747086E-9,6.2854174712643695E-6,6.2753758620689595E-6,5.688512758620684E-6,4.2321145977011515E-4,4.2240626436781606E-4,4.5986666666666366E-8,3.7803866666666654E-7,0.0,0.0,0.0,0.0,6.425287356321883E-9,-2.2993103448275802E-7,8.486655172413792E-9,-1.783137931034456E-8,0.0,1.4557367816091952E-8,3.7351724137930675E-9,0.0,1.0443370114942524E-7,4.447902298850573E-7,0.0,1.203020574712643E-9,1.3726597701149408E-7,0.0,9.255449425287356E-9,7.851429885057471E-7,1.325152528735632E-8,5.483297241379309E-7,3.902984022988507E-7,0.0,1.123509517241379E-5,-8.355471264367814E-9,3.158662183908046E-6,2.216309195402299E-6,0.0,5.146099885057471E-5,5.1436650114942525E-5,0.0,1.4295855172413785E-7,1.5897860919540226E-6,6.614643678160917E-5,6.587590804597695E-5,2.2425160919540217E-8,-3.084775172413793E-6,2.6223894252873546E-7,5.2779241379310314E-8,2.0443977011494247E-9,2.5769459770114936E-8,7.489545977011495E-9,2.1008850574712647E-8,9.304155172413795E-4,2.6241873563218395E-7,1.0591781609195406E-6,0.0,0.0,3.7418390804597773E-6,4.410886206896553E-6,8.236110344827584E-8,-2.2723297701149418E-4,5.867379310344828E-7,-2.4793855172413784E-6,1.2861836781609197E-6,0.0,-1.1229146896551728E-5,2.624358620689655E-8,1.4374448275862054E-7,9.427545977011486E-7,0.0,0.0,-0.0017039148620689643,-1.8948275862069108E-9,1.6947463218390791E-7,4.5036999999999945E-7,0.0,1.48843448275862E-6,0.0,8.936650574712646E-7,-2.0792402298850707E-6,0.0,3.974562528735631E-6,0.0,-4.801885057471261E-8,0.0,3.355688505747125E-8,2.2302245057471266E-7,6.494459770114921E-10,0.0,0.0,1.1528159770114938E-5,1.2930085287356318E-5,4.713737701149423E-6,4.211358620689655E-9,-1.2952770114942531E-7,4.0581919540229854E-8,0.0,4.842660919540228E-7,0.0,-6.3614666666666505E-6,1.1458416091954021E-5,5.138586206896571E-9,-6.139828735632186E-9,2.6112298850576864E-9,3.4510401149425276E-6,-5.13070229885051E-6,1.9028180229885064E-8,0.0,4.772759770114946E-8,4.789216091954025E-8,-1.683103448275757E-9,0.0,0.0,0.0,0.0,-1.698390804597616E-9,0.0,2.3160189655172402E-8,4.5125229885057446E-8,2.8726551724137864E-10,6.275000000000002E-7,1.4758763103448272E-5,0.0,2.326033333333333E-10,2.3620931034482754E-10,-2.8834187356321774E-5,2.7178620689655153E-7,2.3751356321839084E-7,0.0,1.1543920689655168E-7,2.6841045977011487E-5,2.279062183908045E-7,2.2966919540229878E-7,9.280232758620686E-6,0.0,-0.006527801793103429,-0.002465455287356298,1.2491678160919505E-5,1.910371264367813E-5,9.047156321839079E-6,4.4040379310344826E-8,1.9377264367816028E-7,
BUSDUSDT,7.130689655137274E-7,9.446735632180021E-6,-2.5143827586208188E-5,0.008178359770113382,0.010144296551722566,-3.2289540229880735E-7,-1.450402298850525E-9,-1.379195402298798E-9,0.0,-1.8071252873560996E-5,0.0,2.827494252873591E-7,6.295862068965318E-7,1.513126436782331E-8,0.0,0.0023673712643679633,6.306091954023169E-8,1.486565517241421E-6,2.2894229885057928E-4,0.0,1.1479045977010749E-6,2.7301034482759203E-6,1.4748873563218744E-6,-1.9208850574717017E-4,1.5821954022991714E-7,1.909240229885125E-4,-2.619655172416154E-10,3.036436781607967E-8,0.0,0.0,6.75117931034487E-7,-3.925804597702308E-9,3.662609540230082E-4,9.79195402298529E-8,-5.896928735631919E-4,2.5351942528735804E-6,1.3069597701149225E-5,1.320175862068941E-5,-1.0612034482761184E-5,-0.0016457873563217726,-0.0015640057471263736,-2.6897701149423046E-7,6.972195402299156E-7,0.0,0.0,0.0,0.0,3.4683678160925865E-7,2.7793103448285147E-6,2.3073448275860742E-8,6.807586206897093E-7,0.0,9.551839080459921E-8,1.948834482758643E-5,0.0,1.8141954022987092E-7,1.2654252873562724E-6,0.0,-1.698850574712955E-9,1.4714160919540895E-5,0.0,1.119026436781625E-7,4.16894252873567E-6,1.6294885057471863E-7,8.492410344827907E-6,2.952932183908152E-6,0.0,7.16766896551724E-5,1.1777781609195255E-7,5.692781609195627E-5,7.033218390804686E-6,0.0,2.1813028735633353E-4,2.1945064367817212E-4,0.0,2.09443448275895E-6,2.5394321839081686E-5,2.5482873563218084E-4,2.661126436781576E-4,6.506183908046227E-7,4.2259379310346455E-5,2.9268298850575194E-6,2.81751724137933E-7,6.786781609194409E-9,7.456436781610016E-8,8.650540229884938E-8,7.967356321838629E-8,-0.0012269862068962653,5.1837816091954045E-6,1.8323494252873767E-5,0.0,0.0,3.374102298850838E-4,3.3663344827588877E-4,3.442310344827648E-7,0.004466629080460028,2.4889999999996466E-6,5.388782758620978E-5,3.5542528735633485E-6,0.0,3.6868579310346577E-4,3.2862068965512265E-8,2.624793103448303E-6,1.4515781609195739E-5,0.0,0.0,0.0057706551724211195,2.0848275862068277E-7,-1.0309045977012423E-6,-1.712603448276001E-5,0.0,8.726793103448573E-5,0.0,1.423832528735702E-5,3.916119540229829E-4,0.0,1.0509816091954389E-5,0.0,8.052229885058173E-7,0.0,5.57011494252617E-9,3.0580177011496063E-6,7.498402298850894E-8,0.0,0.0,1.297671264367864E-4,2.172809540229988E-4,9.899540229885754E-5,1.7452413793102646E-8,1.574283908046082E-5,1.3054390804598067E-6,0.0,3.7048045977012553E-6,0.0,-1.5538057471263823E-4,4.617149425287465E-5,9.664586206899796E-8,2.6562252873563756E-7,1.2077732183908509E-5,6.407816091956895E-7,7.851233333334817E-4,5.768756321838638E-8,0.0,-4.963632183907627E-7,-4.806954022988086E-7,1.98137931034476E-7,0.0,0.0,0.0,0.0,2.0273563218390323E-7,0.0,-2.5323793103461573E-8,3.949149425287138E-7,-9.974482758622262E-9,5.300172413793397E-6,4.422827586207559E-5,0.0,-1.9667816091950354E-10,-3.4513793103443986E-10,8.55341839080647E-4,-1.4075103448275577E-6,1.586033333333414E-5,0.0,-7.623448275865022E-8,3.2257816091954864E-4,-1.4640563218391572E-6,-1.376609195402382E-6,2.301213793103318E-5,0.0,-0.1591129379310293,0.9508990701150338,-9.647643678161571E-4,-9.027919540230501E-4,1.0546436781601385E-5,1.6981379310343228E-7,2.2901632183908836E-5,
BZRXUSDT,0.10731084624137933,0.1016589507356322,-0.055023267206896556,-34.39403271609195,-34.25763484827583,0.002139706332183908,-6.637776436781599E-7,-7.34461954022986E-7,-1.8071252873560996E-5,0.0,0.0,-1.0176727816091954E-4,-8.868634137931036E-4,-2.292966645977012E-4,0.0,6.317796295402298,-4.370083908045937E-6,0.0011913087448275862,0.24147678988505747,0.0,-0.0015697667436781614,7.024009310344829E-4,-1.6354864367816132E-5,-1.0156695436781615,-5.150024839080459E-4,-0.14260834701149416,-1.9607849310344836E-6,-5.605102149425288E-4,0.0,0.0,2.878434096551723E-4,-3.680140821839081E-5,0.4524102291609195,-2.356857356321835E-4,0.36226118712643673,-0.0011991943091954021,-0.012519162126436778,-0.012661434172413796,-0.05783689348275864,4.049680936781609,4.020462925287356,6.121518505747145E-4,-6.24111794252874E-4,0.0,0.0,0.0,0.0,0.0021831177609195405,0.07908310689655172,-2.503694931034481E-5,0.002464156482758625,0.0,1.770634011494253E-4,-1.29950413793105E-4,0.0,-6.272700632183907E-4,-0.002873103471264368,0.0,-1.2863686091954026E-5,0.004204521471264369,0.0,-5.595784252873566E-6,-0.0034982225057471252,1.5588554885057477E-4,0.0011529595551724146,0.0012419712977011495,0.0,-0.06766145186206896,1.5501488540229882E-4,0.01237655712643678,-0.0023158688505747053,0.0,-0.005207969712643716,-0.007132759494252892,0.0,0.005588644220689656,0.00673341763218391,-0.11225984022988521,-0.12130334252873563,0.0020472909218390806,0.03214190303448277,8.283119057471269E-4,-1.8028792413793117E-4,-2.654582701149426E-5,1.408712747126437E-4,-2.3644011149425285E-5,-5.7803788505747134E-5,2.0563606413793076,-0.0026635115977011485,-0.012802004643678158,0.0,0.0,0.49947122195402294,0.4965433906896552,-3.751041275862068E-4,3.3761369387356326,-0.007586245206896553,0.031458090793103445,-4.8304091954022886E-4,0.0,0.12816334351724137,-1.473463103448276E-4,-0.0012270041034482752,-0.001180873942528735,0.0,0.0,205.95320620689657,-1.0012965517240044E-5,-0.002719486049425287,-0.022808448448275863,0.0,-0.008286492068965524,0.0,0.01658724593908046,-0.18431705218390818,0.0,-0.017969346597701146,0.0,0.002668173167816092,0.0,-2.6478799540229883E-4,0.0027295430018390797,6.226586195402301E-5,0.0,0.0,0.11927266160919542,0.19651898502298848,0.21172298057471264,-3.0129973103448273E-5,0.025698179114942522,9.280928735632127E-6,0.0,-0.0035932321609195407,0.0,0.5766534932183908,-0.05048887264367817,0.0016901607782758617,-1.3526306436781619E-5,0.005987140877011494,-0.024709883425287356,6.4235672536781605,-1.4739687319540235E-4,0.0,0.0011812547885057469,0.0011672683390804598,-1.5117448275860679E-5,0.0,0.0,0.0,0.0,-1.2274919540227289E-5,0.0,-3.2739586931034486E-4,-5.439469264367816E-4,-2.8210911724137924E-5,0.008088805000000003,0.03307519931034483,0.0,1.8684624252873567E-6,1.928593068965518E-6,6.506780981149425,-0.0012431773517241373,7.634052988505698E-4,0.0,-0.0011914209379310344,-0.18741598045977098,-0.0014300095183908048,-0.0014404107126436791,-0.060306853862068965,0.0,571.4529734896553,2660.891219642529,-0.9525378333333332,-0.9668488057471261,-0.16419912459770122,-2.9083619310344837E-4,0.0011881575632183901,
CELOUSDT,0.0,0.0,0.0,0.0,0.0,0.0,0.0,0.0,0.0,0.0,0.0,0.0,0.0,0.0,0.0,0.0,0.0,0.0,0.0,0.0,0.0,0.0,0.0,0.0,0.0,0.0,0.0,0.0,0.0,0.0,0.0,0.0,0.0,0.0,0.0,0.0,0.0,0.0,0.0,0.0,0.0,0.0,0.0,0.0,0.0,0.0,0.0,0.0,0.0,0.0,0.0,0.0,0.0,0.0,0.0,0.0,0.0,0.0,0.0,0.0,0.0,0.0,0.0,0.0,0.0,0.0,0.0,0.0,0.0,0.0,0.0,0.0,0.0,0.0,0.0,0.0,0.0,0.0,0.0,0.0,0.0,0.0,0.0,0.0,0.0,0.0,0.0,0.0,0.0,0.0,0.0,0.0,0.0,0.0,0.0,0.0,0.0,0.0,0.0,0.0,0.0,0.0,0.0,0.0,0.0,0.0,0.0,0.0,0.0,0.0,0.0,0.0,0.0,0.0,0.0,0.0,0.0,0.0,0.0,0.0,0.0,0.0,0.0,0.0,0.0,0.0,0.0,0.0,0.0,0.0,0.0,0.0,0.0,0.0,0.0,0.0,0.0,0.0,0.0,0.0,0.0,0.0,0.0,0.0,0.0,0.0,0.0,0.0,0.0,0.0,0.0,0.0,0.0,0.0,0.0,0.0,0.0,0.0,0.0,0.0,0.0,0.0,0.0,0.0,0.0,0.0,0.0,0.0,0.0,0.0,0.0,0.0,0.0,0.0,0.0,0.0,0.0,
CELRUSDT,2.8681142068965525E-4,3.1090756091954033E-4,-1.433454068965518E-4,0.1706321533333334,0.17111806137931046,1.177528505747126E-6,2.6238091954022978E-8,2.6663574712643672E-8,2.827494252873591E-7,-1.0176727816091954E-4,0.0,0.0,7.383472413793102E-6,2.6208153563218384E-6,0.0,0.018041959080459764,8.207521839080461E-7,1.3469328275862068E-5,0.0016872321149425287,0.0,1.1916813333333333E-5,1.54516E-5,6.504816781609196E-6,-2.615501149425289E-4,7.4671135632183924E-6,9.277626666666668E-4,8.7570827586207E-9,3.0167742528735644E-6,0.0,0.0,3.8326129655172405E-6,2.9755666666666732E-8,0.0011240092459770114,9.851783908045977E-6,-0.0018123363678160917,1.2984389885057475E-5,2.3617874712643678E-4,2.3645306206896544E-4,6.570840689655152E-5,0.01179465632183908,0.01196394022988506,1.2664045977011401E-6,1.6372806666666663E-5,0.0,0.0,0.0,0.0,3.1263728735632185E-6,1.5811034482758593E-5,3.5879944827586203E-7,2.6536068965517318E-6,0.0,9.191767816091951E-7,1.1240005517241382E-4,0.0,4.056045977011493E-6,1.3958581609195401E-5,0.0,2.0096022988505744E-8,9.829963908045976E-5,0.0,7.433703908045978E-7,4.478091264367816E-5,9.717977011494255E-7,5.9878969655172404E-5,2.9901314712643675E-5,0.0,5.836906620689655E-4,7.999684597701148E-7,3.824215287356321E-4,1.1331209195402301E-4,0.0,0.003150739747126437,0.0031461131701149424,0.0,2.5160751034482756E-5,1.9837945747126442E-4,0.002254542298850574,0.0022901073563218388,5.914039540229885E-6,1.0103874482758618E-4,1.9585808735632184E-5,3.89781172413793E-6,8.28194252873563E-8,1.8853997701149424E-6,6.893594942528735E-7,8.381319540229886E-7,0.0501355972413793,2.976447356321839E-5,1.1565831264367824E-4,0.0,0.0,0.0017063843908045975,0.0017341405517241376,4.526805517241379E-6,0.010639640850574715,1.3671958620689656E-5,1.3057560689655175E-4,6.482040229885058E-5,0.0,0.0011954860137931035,1.4424034482758625E-6,1.2588006896551727E-5,9.518831494252872E-5,0.0,0.0,-0.03172576896551734,2.466482758620692E-7,-8.325202298850576E-7,-6.934800000000003E-5,0.0,4.4156641379310363E-4,0.0,8.551017057471263E-5,0.001064429563218391,0.0,2.2990219770114943E-4,0.0,1.1355542528735635E-6,0.0,1.3228802298850576E-6,3.0317675885057474E-5,3.8352894252873567E-7,0.0,0.0,0.0010647719770114942,0.0015389645563218394,7.733899425287356E-4,2.1802193103448274E-7,9.13797885057471E-5,6.574082298850578E-6,0.0,4.070742988505747E-5,0.0,-8.064161839080461E-4,7.107651264367816E-4,-7.1115862068964925E-9,1.1384538850574715E-6,6.855464781609194E-5,1.460837977011494E-4,-0.0016319058160919552,8.689766367816096E-7,0.0,6.967783908045974E-7,7.29150574712643E-7,2.3806206896552083E-7,0.0,0.0,0.0,0.0,2.4294712643678545E-7,0.0,2.1667889655172383E-7,1.766818160919539E-6,-7.309372413793101E-8,5.1949517241379326E-5,9.672594827586208E-4,0.0,6.933002298850574E-9,6.735475862068966E-9,-4.448234252873569E-4,1.3757208965517239E-5,8.710381839080461E-5,0.0,2.287198620689655E-6,0.001218614252873565,7.174445977011434E-7,7.676229885057437E-7,3.7735677931034485E-4,0.0,-0.8076007089655174,3.758504073333331,-0.004871142528735632,-0.004528837011494254,8.710301149425315E-5,1.5861234482758624E-6,1.1184196091954028E-4,
CHRUSDT,6.842908620689641E-4,7.978997931034484E-4,8.714106896551726E-4,1.5997670275862073,1.5913833551724144,-2.133203448275865E-6,1.431728620689655E-7,1.4288299999999994E-7,6.295862068965318E-7,-8.868634137931036E-4,0.0,7.383472413793102E-6,0.0,9.726321724137933E-6,0.0,0.05480360344827585,3.5540724137931034E-6,2.624747586206896E-5,-8.81843793103448E-4,0.0,7.981020344827588E-5,3.597489655172412E-5,6.593913793103449E-6,0.026908034482758632,3.286922413793104E-5,0.002398801724137933,1.1524617241379312E-7,1.8681079310344827E-5,0.0,0.0,5.9278493103448235E-6,7.635567241379311E-7,-0.009032617931034485,5.485406896551725E-5,-0.012793682758620688,5.2915220689655174E-5,0.0010072577931034483,0.0010101883793103446,0.0015955736551724136,0.04281332413793105,0.043630758620689686,-5.242034482758755E-6,3.6593351724137927E-5,0.0,0.0,0.0,0.0,-2.292318620689655E-5,-4.6883482758620714E-4,1.670403103448276E-6,-2.9229137931034427E-5,0.0,2.615999999999999E-6,1.1159331034482758E-4,0.0,2.4448603448275856E-5,1.1532803448275867E-4,0.0,3.66186275862069E-7,4.04800344827586E-5,0.0,1.9791989655172415E-6,2.030684137931035E-4,2.589134482758619E-6,7.342245862068966E-5,4.163351379310346E-5,0.0,0.003308569862068965,-2.5327668965517254E-6,2.609730000000001E-4,7.077944827586209E-4,0.0,0.010366639344827587,0.010317633655172413,0.0,-3.643482758620694E-5,2.9628741379310336E-4,0.00891523448275862,0.008892324137931036,-2.1154879310344837E-5,-7.007636551724138E-4,7.225864482758616E-5,1.2108006896551725E-5,8.196358620689658E-7,4.948320689655171E-6,2.586108275862068E-6,6.459420689655172E-6,0.2126488137931035,1.0844758620689657E-4,3.601694482758623E-4,0.0,0.0,-0.004052312758620693,-0.003909148965517245,1.9375310344827592E-5,-0.07805352931034484,2.6662362068965523E-4,-8.429241034482759E-4,3.1972362068965517E-4,0.0,-0.0037328299310344835,6.764313793103448E-6,5.9276034482758635E-5,2.847718275862069E-4,0.0,0.0,-1.91768411724138,3.6434482758615557E-7,5.499716206896552E-5,5.990864137931034E-4,0.0,1.723789655172415E-4,0.0,-1.0895362758620697E-4,0.0037310958620689655,0.0,0.0012611330000000002,0.0,-2.8328624137931036E-5,0.0,8.4533E-6,-2.3158731379310363E-5,-1.2117034482758687E-7,0.0,0.0,9.041986206896543E-4,4.355222068965517E-4,-0.0012046285862068967,1.2719524137931035E-6,-1.9387258620689665E-4,4.216706896551722E-6,0.0,1.6536810344827587E-4,0.0,-0.006176996206896553,0.003050581724137931,-8.799997241379312E-6,1.82407586206897E-7,-1.1868431034482789E-5,0.0010582329655172413,-0.046681763793103466,5.8469981034482775E-6,0.0,-1.2554679310344828E-5,-1.2359117241379313E-5,3.294827586206552E-7,0.0,0.0,0.0,0.0,5.288275862068519E-7,0.0,1.091195379310345E-5,2.115956206896552E-5,6.49563448275862E-7,7.240744827586197E-5,0.0010842580344827585,0.0,3.536489655172413E-8,3.336334482758621E-8,-0.05102601068965518,6.728075862068964E-5,7.10519655172414E-5,0.0,3.1018358620689656E-5,0.009795000000000017,5.003006551724137E-5,5.0648658620689684E-5,0.0029134037586206894,0.0,-6.176274220689657,-25.345117817241388,0.021847386206896555,0.023155400000000007,0.004923041724137933,1.593936206896552E-5,2.6456241379310327E-5,
