 ,BNBUSDC,BNBUSDT,BNTUSDT,BTCUSDC,BTCUSDT,BTSUSDT,BTTUSDC,BTTUSDT,BUSDUSDT,BZRXUSDT,CELOUSDT,CELRUSDT,CHRUSDT,CHZUSDT,CKBUSDT,COMPUSDT,COSUSDT,COTIUSDT,CRVUSDT,CTKUSDT,CTSIUSDT,CTXCUSDT,CVCUSDT,DASHUSDT,DATAUSDT,DCRUSDT,DENTUSDT,DGBUSDT,DIAUSDT,DNTUSDT,DOCKUSDT,DOGEUSDT,DOTUSDT,DUSKUSDT,EGLDUSDT,ENJUSDT,EOSUSDC,EOSUSDT,ETCUSDT,ETHUSDC,ETHUSDT,EURUSDT,FETUSDT,FILUSDT,FIOUSDT,FIROUSDT,FLMUSDT,FTMUSDT,FTTUSDT,FUNUSDT,GBPUSDT,GRTUSDT,GTOUSDT,GXSUSDT,HARDUSDT,HBARUSDT,HIVEUSDT,HNTUSDT,HOTUSDT,ICXUSDT,INJUSDT,IOSTUSDT,IOTAUSDT,IOTXUSDT,IRISUSDT,JSTUSDT,JUVUSDT,KAVAUSDT,KEYUSDT,KMDUSDT,KNCUSDT,KSMUSDT,LINKUSDC,LINKUSDT,LITUSDT,LRCUSDT,LSKUSDT,LTCUSDC,LTCUSDT,LTOUSDT,LUNAUSDT,MANAUSDT,MATICUSDT,MBLUSDT,MDTUSDT,MFTUSDT,MITHUSDT,MKRUSDT,MTLUSDT,NANOUSDT,NBSUSDT,NEARUSDT,NEOUSDC,NEOUSDT,NKNUSDT,NMRUSDT,NULSUSDT,OCEANUSDT,OGNUSDT,OGUSDT,OMGUSDT,ONEUSDT,ONGUSDT,ONTUSDT,ORNUSDT,OXTUSDT,PAXGUSDT,PAXUSDT,PERLUSDT,PNTUSDT,PSGUSDT,QTUMUSDT,REEFUSDT,RENUSDT,REPUSDT,RIFUSDT,RLCUSDT,ROSEUSDT,RSRUSDT,RUNEUSDT,RVNUSDT,SANDUSDT,SCUSDT,SFPUSDT,SKLUSDT,SNXUSDT,SOLUSDT,SRMUSDT,STMXUSDT,STORJUSDT,STPTUSDT,STRAXUSDT,STXUSDT,SUSDUSDT,SUSHIUSDT,SXPUSDT,TCTUSDT,TFUELUSDT,THETAUSDT,TOMOUSDT,TRBUSDT,TROYUSDT,TRUUSDT,TRXUSDC,TRXUSDT,TUSDUSDT,TWTUSDT,UMAUSDT,UNFIUSDT,UNIUSDT,USDCUSDT,UTKUSDT,VETUSDT,VITEUSDT,VTHOUSDT,WANUSDT,WAVESUSDT,WINGUSDT,WINUSDC,WINUSDT,WNXMUSDT,WRXUSDT,WTCUSDT,XEMUSDT,XLMUSDT,XMRUSDT,XRPUSDC,XRPUSDT,XTZUSDT,XVSUSDT,YFIIUSDT,YFIUSDT,ZECUSDC,ZECUSDT,ZENUSDT,ZILUSDT,ZRXUSDT,
BNBUSDC,0.0,1.466024363908046,0.024278803563218355,192.29990163218355,191.53577487356313,0.002283227252873563,8.38820356321839E-6,8.710307701149418E-6,6.10596551724128E-5,0.10085960551724141,0.0,4.6961981609195373E-4,0.0028259859770114904,5.977802885057466E-4,0.0,11.420553666666661,3.6757910344827543E-4,0.004401054586206895,0.660071548275862,0.0,0.003933965206896548,0.004832084482758618,9.962075172413802E-4,2.9026380229885054,0.001655057425287354,0.20294038965517272,1.0509650689655166E-5,2.7994455172413704E-4,-0.09834263333333335,0.0,0.0017036447804597706,3.1419485517241325E-5,0.21412958413793187,0.00517858229885057,-1.6305517471264352,0.0037161056896551736,0.08425066310344818,0.0865838580459769,0.14686295873563207,16.427055850574707,16.488649586206893,0.0020201110344827467,0.005176955517241377,0.0,-0.0031965849425287336,0.0,0.0,0.001548336000000001,0.21280015172413796,1.346954505747125E-4,-7.002826436781307E-4,0.0,6.556049080459768E-4,0.01974881356321839,0.0,6.882019655172403E-4,0.0076774579310344765,0.0,1.0571956206896523E-5,0.015683281839080472,0.0,4.637690034482759E-4,0.011440830114942523,7.609597827586208E-4,0.001636782218390801,0.0013886991839080415,0.0,0.17800981908045965,3.562699172413796E-4,0.0013628099999999969,0.05923888850574707,-1.2304689804597708,0.7687540456321832,0.7677220004597696,0.0,0.01301703596551725,0.05070539172413792,1.9020895172413796,1.9220041724137924,0.0019134690114942564,0.0037000410344828335,0.003044919183908047,0.0010877457931034475,6.255791149425279E-5,6.235284597701146E-4,4.55561218390804E-5,3.937747471264365E-4,12.382092931034455,0.005778045977011491,0.018315656436781628,0.0,0.0,0.7401256080459772,0.7298003505747129,9.639744597701138E-4,0.7645762931034548,0.012278740459770104,0.009143850114942606,0.017046263678160898,0.0,0.03501720977011548,2.920611724137926E-4,0.007749862528735632,0.03883441103448278,0.0,0.0,216.53987711494264,8.081195402298191E-5,9.499981609195349E-4,0.031810602183907986,0.0,0.09789760689655182,0.0,0.031887451873563226,0.4520674850574714,0.0,0.05046992597701141,0.0,0.0039861191264367836,-0.013479234482758635,4.762929885057468E-4,0.009477485563218395,1.4781080804597712E-4,0.0,0.0,0.4365842057471263,0.24616192597701148,0.20093917482758628,6.323620574712636E-5,0.0321558482758621,0.0010931790689655174,0.0,0.008831929655172406,0.0,0.6638660609195405,0.02352269310344802,0.0016755643459770108,7.94015770114942E-5,0.016345523965517254,0.030614449770114877,7.975677180459772,2.1328921287356296E-4,0.0,0.00110270411494253,0.0011120403793103458,6.623586206896166E-5,0.0,1.9870960218390816,0.0,0.0,5.866298850574489E-5,0.0,3.3688434252873494E-4,9.841491609195387E-4,1.3589294252873496E-5,0.015378899999999996,0.20923273724137925,0.0,4.687122298850573E-6,4.513102528735631E-6,9.368391265517243,0.00268596914942528,0.004795765747126439,0.0,0.0026540718275862036,3.007070701149426,0.005477381678160911,0.005497574206896539,0.05048610091954006,0.0,612.12570854023,3029.2592445172436,3.070815114942527,3.1217389540229865,0.10938150919540175,7.529213908045968E-4,0.011259642183908066,
BNBUSDT,1.466024363908046,0.0,0.02546158485057484,198.95308808160917,198.15878880574735,0.002223625736781606,8.093630195402314E-6,8.440896264367836E-6,6.94938620689642E-5,0.09645037355172409,0.0,4.8565368045977106E-4,0.0029369586264367856,6.239862287356327E-4,0.0,11.36781901264368,3.7945684137931043E-4,0.004441956917241382,0.6441527703448277,0.0,0.004049630072413798,0.0049661396206896625,0.0010731144206896565,3.038113394252876,0.0017567742402298885,0.22953319413793147,1.0590351758620694E-5,2.9542453793103606E-4,-0.09263753563218428,0.0,0.0017408328771264373,3.41161250000001E-5,0.20795252841379308,0.005264167287356328,-1.716777149770117,0.003947967120689667,0.0852508064827586,0.08766434595402296,0.14988850191954056,16.5363555770115,16.60864762758622,0.0020108047586206786,0.005243663041379316,0.0,-0.0026358862298850854,0.0,0.0,0.0015021080068965507,0.21398527999999997,1.3683352356321863E-4,-9.763723908045671E-4,0.0,6.604047057471265E-4,0.021159574850574726,0.0,7.258944379310356E-4,0.007999293000000008,0.0,1.106925106896555E-5,0.01652399578160921,0.0,4.851136796551725E-4,0.011914647850574726,7.77205664137931E-4,0.0018505809643678253,0.0013503225333333368,0.0,0.18497982936781632,3.57403020689655E-4,0.0025313844137931345,0.060831439080459834,-1.1476173622988572,0.7851161852298859,0.7841315265057477,0.0,0.013248452203448273,0.052593877517241386,1.947925631034484,1.970917048275863,0.0018475844781609184,0.004231367620689643,0.003093693878160922,0.0011180993689655176,6.619454954022991E-5,6.379282402298853E-4,4.803975436781624E-5,4.021894425287362E-4,12.718103227586218,0.006229294126436787,0.020245302252873618,0.0,0.0,0.7479755364367808,0.7386334197701145,9.99909405747128E-4,0.8579370172413769,0.012904488471264396,0.010963312816091931,0.01727058521839084,0.0,0.04559735357471238,3.0209609655172475E-4,0.00806728554022989,0.04037865300000003,0.0,0.0,210.93613623333306,8.940345977010804E-5,0.0010528327356321891,0.03287352116091961,0.0,0.10428670724137935,0.0,0.031816613954023,0.488291253908047,0.0,0.05264988202298859,0.0,0.003951684452873562,-0.011537183068965642,4.969548114942539E-4,0.009609608751609197,1.5070085747126443E-4,0.0,0.0,0.4425902304597702,0.24675242619540236,0.19693750772413787,6.698498528735646E-5,0.032654258137931005,0.001158339044827587,0.0,0.00943901410344828,0.0,0.6336679780459766,0.02858852758620708,0.001634998149540229,9.566880747126453E-5,0.01700676691724139,0.03229322657471273,7.886278395402295,2.241127713333339E-4,0.0,0.001016772712643677,0.0010282360551724123,7.424113793103027E-5,0.0,2.050695301609194,0.0,0.0,6.703387356321593E-5,0.0,3.600021147126442E-4,0.0010430525528735645,1.5397187816092013E-5,0.015448140000000015,0.2124031651034483,0.0,4.626296183908043E-6,4.43366512643678E-6,9.28080323793103,0.002844768419540235,0.005886175356321849,0.0,0.002743937293103449,3.1153994574712653,0.005606544777011494,0.005631907741379307,0.05383433283908065,0.0,586.0235113701143,3018.751307906895,3.1886252643678192,3.2394501287356348,0.12030453977011528,7.846330091954031E-4,0.012332282954023,
BNTUSDT,0.024278803563218355,0.02546158485057484,0.0,242.2562712160919,241.3055657333333,-0.0023580698528735634,1.7430902022988506E-5,1.7310940229885057E-5,-5.654599999999711E-5,-0.09860431262068965,0.0,7.989183977011496E-4,0.003609249505747127,0.0010233419252873564,0.0,2.7313461816091973,3.816711793103449E-4,0.0029145140275862067,0.10363035241379315,0.0,0.00721054571724138,0.006031108689655172,0.0018048707103448273,3.0349420390804593,0.0035492360367816106,0.6096283703448278,1.3338960620689656E-5,0.0016316182344827588,-0.3285194528735632,0.0,0.0010828690147126438,1.0823113965517246E-4,-0.459164244413793,0.0059757568045977014,-2.26360650045977,0.008318865862068966,0.0883461332413793,0.08779390809195405,0.28543560822988506,9.266793432183908,9.263906813793106,5.48328068965515E-4,0.0057910135724137946,0.0,-0.023962921678160918,0.0,0.0,-0.0012550582551724139,-0.02632759793103449,2.4237519080459773E-4,5.2590643678164395E-5,0.0,1.956677609195402E-4,0.014220191333333333,0.0,0.0023076767448275866,0.01300680951724138,0.0,4.513087372413793E-5,0.017288614298850577,0.0,1.665064062068966E-4,0.017981019816091955,-9.390333172413793E-5,0.00911130427816092,0.003794139002298851,0.0,0.30875400540229886,-1.0299345517241377E-4,0.034481834620689655,0.08002471149425287,-5.094934382298851,0.7349609222988507,0.7325814356091954,0.0,-0.002602752475862069,0.05343976496551723,1.8938051862068965,1.8871357655172416,-9.236694390804599E-4,-0.03199652489655173,0.002613406864367816,0.0013393628482758625,9.686938367816091E-5,4.1992082988505743E-4,1.813942016091954E-4,6.03693735632184E-4,25.00622371724138,0.013051202091954024,0.05762679894252874,0.0,0.0,-0.23947616942528724,-0.22745947402298847,0.002093223395402299,-3.0610233448275874,0.030255537885057474,-0.023704622873563216,0.0328780392183908,0.0,-0.02355791818390807,7.729230137931036E-4,0.007190217195402298,0.03007267193103449,0.0,0.0,-289.42243377701146,-5.5210022988505036E-5,0.006708367459770114,0.06838347043678161,0.0,0.15223384758620692,0.0,0.011718695160919543,0.9867263473563217,0.0,0.11566637491954022,0.0,-0.0025207177678160924,-0.10594718282758622,0.0011542666528735635,-1.4817866183908042E-4,5.3492709195402296E-5,0.0,0.0,0.18271620114942527,0.05167213174712643,-0.10750117544827584,1.676822983908046E-4,-0.029408504551724134,0.0014889535655172412,0.0,0.013161707310344826,0.0,-0.5106716009195401,0.260709124137931,-7.854827577011497E-4,2.5486338850574713E-4,-1.2309304137930768E-4,0.097581099954023,-5.658115287356322,6.002385173333334E-4,0.0,-0.0013638642528735632,-0.0013658451103448278,-5.605675862068796E-5,0.0,-0.6604715687356321,0.0,0.0,-6.01239540229874E-5,0.0,0.0010616657222988506,0.002137141135632184,7.495936229885057E-5,0.009723837241379311,0.16852988703448277,0.0,2.630072873563226E-7,2.581956091954021E-7,-5.712197762068964,0.0070891454712643685,0.01918491928735632,0.0,0.004268823758620689,1.7835332919540239,0.00820445648045977,0.008166443689655172,0.2197526157011495,0.0,-654.4512795678161,-2553.673795848276,3.65452743678161,3.6802091908045984,0.5720099480459772,0.0013053247402298848,0.01950285409195402,
BTCUSDC,192.29990163218355,198.95308808160917,242.2562712160919,0.0,455311.9710826435,-3.2746689932183908,0.03047385023333333,0.03045278097126436,-0.06934155862068726,-134.39523021724133,0.0,1.3721556583908048,6.02502761091954,1.7552446908045973,0.0,6392.175430919541,0.6867280503448275,5.768973991034484,411.9595791724137,0.0,12.410891416896549,11.535382279310344,3.511278016551724,5501.970611149425,5.956287173678162,1118.40476162069,0.02361207447931034,2.66009850137931,-560.8823425287355,0.0,2.118922060678161,0.18576530405172414,-576.3620015999996,10.27546915632184,-4232.658570425286,14.663033625862074,180.02283007586203,179.58100569195398,510.0662647850574,18834.96479977011,18853.628468275863,1.5910546620689634,11.972013588965517,0.0,-40.84990756091953,0.0,0.0,-1.3180890696551726,-1.007919034482763,0.4355739020114942,1.2989393885057579,0.0,0.46119578229885044,26.54968507816093,0.0,3.898670745862068,23.12937459655172,0.0,0.07510123354827587,33.76081315747127,0.0,0.35072460272413797,31.32305477816092,-0.06601246262068966,15.145121246091952,6.132190134022989,0.0,530.9706870402298,-0.1108999375862069,59.476717662068964,142.70056666666665,-8692.14330905747,1286.6505954885054,1284.3111088436779,0.0,-2.52720859965517,105.32332183448277,3895.835126551724,3888.1101089655167,-0.29528392597701186,-39.47470286551725,4.656141578850575,2.376741614827586,0.16911710481609196,0.8228510598850576,0.30742299536781614,1.0738983649425289,42850.42157724137,23.721014978160916,105.12546514252872,0.0,0.0,-143.83346559770087,-114.42889967816073,3.68609937091954,-3745.667185172413,51.88392264712644,-23.836533752873564,55.557475535632186,0.0,45.829387067816135,1.2977962662068967,13.178160905747125,57.89250607931035,0.0,0.0,-435682.2069842529,-0.05956970229885077,10.918150349425288,105.53791455057468,0.0,291.1245620344828,0.0,34.47752055402299,1771.2972448390806,0.0,191.1435380505747,0.0,-3.40302752229885,-180.73268793448275,2.0190864108045976,2.0498220373678153,0.1468226422988506,0.0,0.0,393.86796442528737,109.49571015057472,-137.81754073793098,0.2861945930804598,-36.27977498620689,2.9092534989655165,0.0,21.31240207241379,0.0,-686.9748496436781,408.3554506896552,-0.6939462089770115,0.5079610028160921,3.5824992600000094,157.567380354023,-7077.129902873563,1.0137890479126437,0.0,-1.9992048183908049,-1.99825742275862,-0.06590652758620394,0.0,-1166.5054286666661,0.0,0.0,-0.07730626091953907,0.0,1.766257691057471,3.6371852711494244,0.12583527754022988,19.44212434482759,358.396518075862,0.0,0.0011506677149425294,0.0010939451540229878,-7303.157176896552,11.687170266091952,36.997715487356324,0.0,7.604226422413792,3401.9288105747123,15.192949590114939,15.154131184482754,354.7511043942528,0.0,-924999.795086437,-3421517.5563906883,6620.236457471264,6665.331606666666,944.3459710804598,2.21442086229885,38.92776333678161,
BTCUSDT,191.53577487356313,198.15878880574735,241.3055657333333,455311.9710826435,0.0,-3.2655186449425275,0.03032441961264366,0.03030359248850573,-0.06765235172413551,-134.0324433206896,0.0,1.3676194790804594,5.99752283505747,1.7465601556321835,0.0,6358.191206781612,0.6840873089655171,5.74753996689655,412.7907167586204,0.0,12.363249799655168,11.500529451724136,3.5096991475862054,5480.063131839077,5.928115573678161,1115.7849264482754,0.02351881116896551,2.6472516324137927,-559.5135966666664,0.0,2.114541408609195,0.1850344361896551,-570.5909711172412,10.22326681149425,-4222.8377955977,14.62287685344827,179.3769187310344,178.9402562781608,508.24707461264336,18742.474868735622,18761.45968896551,1.5841270413793078,11.927853585517237,0.0,-40.75342214712641,0.0,0.0,-1.3099798006896555,-0.9717686896551797,0.4339002792528734,1.3116753195402402,0.0,0.45913719264367797,26.489916009195394,0.0,3.881273301034481,23.04003666551723,0.0,0.0747854691689655,33.72798267471263,0.0,0.3496495309999999,31.200700191954017,-0.06612510606896546,15.099153946091949,6.095076158160919,0.0,529.077594005747,-0.10919859758620686,59.33841821379308,142.15381873563214,-8669.848389402296,1280.793870971264,1278.4980877057467,0.0,-2.5251326927586195,105.05339228275858,3884.689202413792,3877.1382572413772,-0.28677249839080454,-38.91182034827586,4.641554206436781,2.36767649413793,0.16843179067816086,0.818784639195402,0.306441423643678,1.0696023097701148,42624.062184137925,23.655297254022983,104.8529000390804,0.0,0.0,-141.341214908046,-111.98661209195396,3.6722674019540213,-3687.0452965517247,51.68215519885055,-23.21984778735632,55.31178543218388,0.0,49.25072517126423,1.2922880696551722,13.141273526436775,57.737258803448256,0.0,0.0,-434255.59725321823,-0.05790259885057489,10.867885749425284,104.99144430919536,0.0,290.83342341379296,0.0,34.46039024022987,1768.5879724252866,0.0,190.2856139471264,0.0,-3.381730698160918,-180.26824403793097,2.010857545287356,2.0605820801264363,0.14677896919540223,0.0,0.0,392.79986304597685,108.91717694367819,-137.32911580689645,0.2849601372183907,-36.08640198620688,2.9075867851724126,0.0,21.233849072413783,0.0,-685.1950644712642,406.2168520689654,-0.6906420438045973,0.5077708104022988,3.6089263979310404,156.81176735402295,-7053.193542183903,1.0096590128781606,0.0,-1.996162018390804,-1.995120488275861,-0.06427997586206596,0.0,-1167.359339356321,0.0,0.0,-0.07566998505747008,0.0,1.7583704800229878,3.624005543563216,0.12529621788505743,19.364959655172406,356.9836926965516,0.0,0.0011314093701149438,0.0010743303264367813,-7272.278525862066,11.617021635057466,36.949694590804576,0.0,7.57544471206896,3392.883558850574,15.125136145287353,15.087366001724131,353.06960908390784,0.0,-922509.6445829881,-3405730.4007286187,6592.869864367814,6637.4075514942515,940.4894386666665,2.2042363243678156,38.95041064712641,
BTSUSDT,0.002283227252873563,0.002223625736781606,-0.0023580698528735634,-3.2746689932183908,-3.2655186449425275,0.0,-2.4616673218390805E-7,-2.448548218390805E-7,6.619586206896279E-7,0.0028573666448275864,0.0,-1.421007264367816E-5,-4.631845804597702E-5,-1.4742769540229888E-5,0.0,0.05382063781609195,-5.126277241379308E-6,-4.080987103448276E-5,-9.716697931034493E-4,0.0,-1.0500037965517246E-4,-1.0295013448275862E-4,-3.678398000000001E-5,-0.038936157816091964,-5.1614412528735636E-5,-0.011315872862068966,-1.9221941724137934E-7,-2.4832260689655174E-5,0.005277540229885059,0.0,-1.9615470011494258E-5,-1.645408189655173E-6,0.0038091623310344833,-6.447836091954023E-5,0.03263777647126437,-1.564292706896552E-4,-0.0010324093034482762,-0.0010169851356321845,-0.004155006628735632,-0.07054641747126439,-0.07026531793103452,-1.0487172413793005E-6,-1.0071169379310347E-4,0.0,3.8010147356321846E-4,0.0,0.0,2.7582292413793108E-5,0.001116946482758621,-3.394976954022989E-6,1.3464940229885016E-5,0.0,-5.6269356321839E-7,-3.761749908045976E-4,0.0,-3.4230105862068964E-5,-1.8614095517241385E-4,0.0,-6.595123137931036E-7,-3.650459114942529E-4,0.0,-2.6601062413793105E-6,-2.5417777356321843E-4,2.8214739310344835E-6,-1.4594202977011498E-4,-4.753179701149426E-5,0.0,-0.004799358201149425,6.354586206896555E-8,-6.191205448275863E-4,-9.444395402298851E-4,0.0837010874942529,-0.00877060040804598,-0.008767552466666667,0.0,2.7891065862068963E-5,-8.761781655172415E-4,-0.02672022172413794,-0.026853587586206904,9.534677471264372E-6,1.3012037586206912E-4,-3.5491562528735625E-5,-2.0827512758620698E-5,-1.5420979425287361E-6,-3.695102183908046E-6,-3.2016842873563222E-6,-7.881517816091956E-6,-0.266672443448276,-2.1625474597701153E-4,-0.0010336214436781612,0.0,0.0,0.004288128540229882,0.004143754114942528,-3.212892563218391E-5,0.01436088413793105,-4.4962918045977023E-4,-9.874268390804593E-5,-3.9058425747126433E-4,0.0,-0.002574835759770115,-1.1605392413793107E-5,-1.1691388735632181E-4,-4.8636881724137943E-4,0.0,0.0,5.77592372264368,5.565735632183672E-7,-9.752877471264369E-5,-9.003559321839082E-4,0.0,-0.002967180034482759,0.0,-1.781163977011495E-4,-0.017419185505747132,0.0,-0.0015571040873563222,0.0,4.9833712183908054E-5,0.0017449620655172417,-1.721759609195403E-5,-1.9295090908045988E-5,-1.082681149425287E-6,0.0,0.0,-0.002546166264367816,1.2494501264367756E-4,0.002741547365517242,-2.468098988505747E-6,4.583500137931036E-4,-3.096274931034484E-5,0.0,-1.9556606551724144E-4,0.0,0.013343723804597703,-0.0036439231034482767,2.8805381367816097E-5,-6.702635804597702E-6,-6.757458482758622E-5,-0.001353027542528736,0.13446254643678163,-9.1059211908046E-6,0.0,2.8856067816091955E-5,2.886629793103448E-5,5.654379310344402E-7,0.0,0.00742930340229885,0.0,0.0,8.211183908045777E-7,0.0,-1.4502674804597701E-5,-3.140569781609196E-5,-1.034295908045977E-6,-7.394375862068963E-5,-0.002527714234482759,0.0,2.637274942528734E-8,2.5989636781609197E-8,0.13422031172413795,-9.7479958045977E-5,-4.0168823678160933E-4,0.0,-6.170295689655173E-5,-0.023521199770114954,-1.0572783747126441E-4,-1.0488241896551727E-4,-0.0028977463988505755,0.0,15.617480368735636,45.638412319655195,-0.043769249425287364,-0.04416305885057472,-0.008025484091954025,-1.7315103218390808E-5,-4.68636283908046E-4,
BTTUSDC,8.38820356321839E-6,8.093630195402314E-6,1.7430902022988506E-5,0.03047385023333333,0.03032441961264366,-2.4616673218390805E-7,0.0,2.6270552298850573E-9,-1.0735310344827298E-8,-8.685867620689654E-6,0.0,9.3815708045977E-8,4.1599321264367814E-7,1.2540504252873562E-7,0.0,5.176790609195404E-4,4.608055862068965E-8,4.3759213103448286E-7,3.304748E-5,0.0,8.942349413793101E-7,7.304474827586205E-7,1.8956464137931037E-7,3.583190908045977E-4,4.122485367816093E-7,6.221114793103448E-5,1.7996942413793103E-9,2.0465547586206895E-7,-3.9949580459770114E-5,0.0,1.2904050264367817E-7,1.2714340862068966E-8,-5.660291199999998E-5,7.450347356321839E-7,-2.4751108839080456E-4,8.81689396551724E-7,1.3019848068965516E-5,1.295184705747126E-5,3.59945121954023E-5,0.0014361112252873564,0.0014319741586206894,1.1925324137931E-7,9.01865503448276E-7,0.0,-2.926000298850575E-6,0.0,0.0,-8.544004827586205E-8,-5.879703448275859E-7,3.107773045977011E-8,9.687650574712743E-8,0.0,3.17882091954023E-8,9.640254712643676E-7,0.0,2.8718676206896545E-7,1.6341914137931032E-6,0.0,5.542682862068965E-9,1.6615589540229883E-6,0.0,1.9244635517241375E-8,2.1406882643678163E-6,-4.851438620689657E-9,9.80236191954023E-7,5.224681057471265E-7,0.0,3.7858108333333334E-5,-1.2841724137931032E-8,3.3893539310344823E-6,9.77055977011494E-6,-6.244195788505747E-4,9.40188714367816E-5,9.383885043678162E-5,0.0,-1.68887527586207E-7,6.2410922068965515E-6,2.634076172413793E-4,2.619142137931034E-4,-5.96550804597702E-9,-5.0101474827586186E-6,3.2517976091954017E-7,1.62995624137931E-7,1.142541298850575E-8,5.327681264367816E-8,2.0439713678160913E-8,7.676589080459771E-8,0.0030524753724137936,1.4122722643678162E-6,6.2674934252873575E-6,0.0,0.0,-1.967885735632183E-5,-1.805449816091954E-5,2.586773436781609E-7,-4.49787424137931E-4,3.574702195402299E-6,-3.964327528735633E-6,4.039539218390805E-6,0.0,-1.390637387356322E-5,9.470028965517244E-8,8.023399540229885E-7,3.4421127931034483E-6,0.0,0.0,-0.02852132265632184,-1.0118471264367785E-8,8.105878390804598E-7,7.976703367816094E-6,0.0,1.5705069999999998E-5,0.0,2.206997333333333E-6,1.0232535252873561E-4,0.0,1.3544968022988504E-5,0.0,-2.3684538850574715E-7,-1.3039176103448276E-5,1.413701011494253E-7,1.3548748471264374E-7,7.759498850574713E-9,0.0,0.0,2.755224425287356E-5,8.07341916091954E-6,-8.373469586206894E-6,1.9822781149425282E-8,-2.956936965517241E-6,1.6367709999999998E-7,0.0,1.3139085172413789E-6,0.0,-4.221820954022989E-5,2.9374599999999998E-5,-4.340943873563216E-8,2.050946954022988E-8,-2.9584348965517245E-7,1.1611687540229882E-5,-4.2383874252873555E-4,7.244250802298852E-8,0.0,-8.889580459770113E-8,-8.980255862068962E-8,-1.0126931034482514E-8,0.0,-8.493553425287353E-5,0.0,0.0,-1.108481609195385E-8,0.0,1.249763912643678E-7,2.432364977011493E-7,8.523658850574712E-9,1.3212137931034482E-6,2.5678876000000007E-5,0.0,1.6446142528735643E-10,1.7167319540229878E-10,-4.7487922758620714E-4,8.59461143678161E-7,1.7471641149425287E-6,0.0,5.378121551724136E-7,2.0092156781609198E-4,1.096628756321839E-6,1.091250775862069E-6,2.586688173563218E-5,0.0,-0.06073958842988505,-0.2398608425551724,4.405946091954023E-4,4.452146390804597E-4,6.51185756321839E-5,1.5819439540229882E-7,1.8217263333333326E-6,
BTTUSDT,8.710307701149418E-6,8.440896264367836E-6,1.7310940229885057E-5,0.03045278097126436,0.03030359248850573,-2.448548218390805E-7,2.6270552298850573E-9,0.0,-1.0564482758620409E-8,-8.716092586206892E-6,0.0,9.355318390804597E-8,4.1447079885057467E-7,1.252994149425287E-7,0.0,5.090374195402302E-4,4.5929586206896554E-8,4.354929310344828E-7,3.3140362068965505E-5,0.0,8.916046724137928E-7,7.287546551724138E-7,1.9023889655172416E-7,3.585737183908045E-4,4.1031859195402306E-7,6.237518448275862E-5,1.7934291379310347E-9,2.040180344827586E-7,-3.96423908045977E-5,0.0,1.28696617816092E-7,1.2687836724137931E-8,-5.63386320689655E-5,7.410390804597701E-7,-2.4751276839080457E-4,8.793628448275862E-7,1.3051819310344826E-5,1.2985445057471264E-5,3.589280522988505E-5,0.0014265224252873563,0.001422568206896552,1.1902724137930998E-7,9.050885172413793E-7,0.0,-2.9026719540229883E-6,0.0,0.0,-8.584131034482758E-8,-5.881758620689638E-7,3.098560287356321E-8,9.484712643678261E-8,0.0,3.170009195402299E-8,9.781236781609192E-7,0.0,2.865649137931034E-7,1.6306594827586208E-6,0.0,5.520730172413792E-9,1.6648835057471264E-6,0.0,1.9437356896551722E-8,2.1370738505747128E-6,-4.617958620689658E-9,9.767061781609194E-7,5.188741954022988E-7,0.0,3.776717522988506E-5,-1.2738075862068967E-8,3.3848117241379308E-6,9.72929425287356E-6,-6.196098471264367E-4,9.357654385057472E-5,9.339797229885059E-5,0.0,-1.6817760344827583E-7,6.250069999999999E-6,2.639156379310345E-4,2.6243689655172414E-4,-4.79759770114943E-9,-4.9719470689655175E-6,3.2379557471264367E-7,1.627243275862069E-7,1.1402169540229884E-8,5.3199695402298846E-8,2.0376797126436783E-8,7.65320632183908E-8,0.003027815068965517,1.4138128160919541E-6,6.27419459770115E-6,0.0,0.0,-1.9365223563218385E-5,-1.7726712643678165E-5,2.583864885057471E-7,-4.471142999999999E-4,3.561899712643678E-6,-3.937279942528734E-6,4.0160121839080464E-6,0.0,-1.360061545977011E-5,9.429862068965515E-8,8.031864367816091E-7,3.452449827586207E-6,0.0,0.0,-0.028443015925287356,-9.945229885057437E-9,8.077132873563218E-7,7.9174066091954E-6,0.0,1.5754808620689656E-5,0.0,2.2157026436781606E-6,1.0225445804597699E-4,0.0,1.3470184367816092E-5,0.0,-2.3658871264367806E-7,-1.2936975689655173E-5,1.410287356321839E-7,1.405657040229885E-7,7.80679540229885E-9,0.0,0.0,2.7466627011494243E-5,7.914524885057468E-6,-8.4601924137931E-6,1.9733732183908045E-8,-2.927831724137931E-6,1.640450172413793E-7,0.0,1.3112643103448277E-6,0.0,-4.255565229885055E-5,2.9162320689655173E-5,-4.398861321839077E-8,2.066891436781609E-8,-2.871832068965514E-7,1.1550526781609197E-5,-4.249375390804597E-4,7.220926643678161E-8,0.0,-8.893408045977009E-8,-8.97972413793103E-8,-9.969827586206651E-9,0.0,-8.401176666666667E-5,0.0,0.0,-1.0931781609195229E-8,0.0,1.2451989540229885E-7,2.4246692528735623E-7,8.49479195402299E-9,1.3127041379310347E-6,2.5761553103448275E-5,0.0,1.645856321839081E-10,1.7152747126436777E-10,-4.7511073793103447E-4,8.543468333333332E-7,1.7527959770114943E-6,0.0,5.374211206896552E-7,2.0116047126436784E-4,1.0946367011494252E-6,1.0893887068965516E-6,2.5746188218390808E-5,0.0,-0.06087572922988503,-0.23926560184482756,4.393974022988505E-4,4.441947011494253E-4,6.480828390804599E-5,1.5762278160919542E-7,1.8380200574712638E-6,
BUSDUSDT,6.10596551724128E-5,6.94938620689642E-5,-5.654599999999711E-5,-0.06934155862068726,-0.06765235172413551,6.619586206896279E-7,-1.0735310344827298E-8,-1.0564482758620409E-8,0.0,-1.2226896551720153E-6,0.0,-2.2332413793102803E-7,-1.037551724137897E-6,-4.488172413793E-7,0.0,-0.002168075862068889,-1.283241379310286E-7,-1.1845034482758291E-6,3.1422758620682656E-5,0.0,-2.205537931034442E-6,-1.5980689655171576E-6,2.4947586206899783E-7,-6.980206896551465E-4,-1.5184758620689053E-6,-6.412689655171082E-5,-5.7084827586206015E-9,-6.661586206896477E-7,1.2468275862068294E-4,0.0,-1.225075862068819E-7,-3.3397931034481825E-8,2.993243448275874E-4,-2.937862068965467E-6,1.4625724137929357E-4,-1.5037586206895157E-6,-2.2533034482758553E-5,-2.1731586206896534E-5,-9.711565517241099E-5,-0.0065670137931033105,-0.0064873517241377954,-3.4234482758619425E-7,-2.4922827586206394E-6,0.0,9.384965517240925E-6,0.0,0.0,-2.1397241379311734E-7,2.1441379310348757E-6,-9.254827586206702E-8,-2.3358620689655538E-7,0.0,-9.368275862068756E-8,2.594689655172494E-6,0.0,-9.149379310344586E-7,-3.7155862068964046E-6,0.0,-1.7019862068965014E-8,2.0827586207303932E-8,0.0,2.1746206896553972E-8,-4.9057241379308215E-6,1.1258758620689863E-7,-1.8459241379308746E-6,-2.5719241379310113E-6,0.0,-8.091965517241016E-5,6.344482758620043E-8,-3.1664827586199566E-6,-2.841034482758527E-5,0.002019022068965416,-2.6503517241378686E-4,-2.628859310344769E-4,0.0,-5.355655172412333E-7,-1.0632689655171405E-5,-4.246482758620518E-4,-4.055310344827422E-4,-3.878689655172868E-7,3.478048275862094E-5,-7.131310344827079E-7,-3.797999999999887E-7,-2.9238620689654165E-8,-1.9254482758620193E-7,-4.6164137931033347E-8,-1.955172413793042E-7,-0.013749503448275524,-1.6309655172412325E-6,-9.13524137930953E-6,0.0,0.0,1.5610896551725102E-4,1.582055172413891E-4,-6.482620689654972E-7,0.00366720344827596,-9.147379310344484E-6,4.094689655172546E-5,-1.4366482758620293E-5,0.0,2.4288958620690389E-4,-3.3902758620689237E-7,-4.566896551722866E-7,-1.34524137930982E-6,0.0,0.0,0.07356473793103555,1.916551724137872E-7,-2.5609655172413276E-6,-3.027282758620634E-5,0.0,2.6979310344859514E-6,0.0,-1.92206896551699E-6,-2.089241379309695E-5,0.0,-4.3572827586205575E-5,0.0,1.0019724137931118E-6,4.339220689654968E-5,-4.1628275862067823E-7,1.0237282758620464E-6,7.610344827588215E-9,0.0,0.0,-4.669655172413427E-5,-4.801544827585847E-5,-1.0810137931034764E-5,-6.50289655172396E-8,1.4844275862068817E-5,2.0969655172416525E-7,0.0,-2.4163448275860097E-6,0.0,-1.0508206896552235E-4,-1.10872413793101E-4,-1.862758620680669E-9,7.911034482759188E-8,5.1562551724140235E-6,-3.920531034482647E-5,0.001318641379310362,-2.0635351724137262E-7,0.0,-3.3168965517242096E-7,-3.091931034482832E-7,1.835172413793038E-7,0.0,1.922834482758788E-4,0.0,0.0,1.88137931034478E-7,0.0,-3.807365517241284E-7,-5.039724137930769E-7,-2.5123448275861386E-8,-6.949655172413649E-6,-7.874268965517005E-5,0.0,-1.594344827586182E-9,-1.7635172413792826E-9,0.0015062896551724665,-4.295206896551647E-6,9.523448275867666E-7,0.0,-1.268275862068922E-6,-6.96413793103068E-5,-3.7508344827585422E-6,-3.6410344827585475E-6,-7.993048275861858E-5,0.0,-0.024851703448282178,0.7614146965517498,-0.0012268275862068615,-0.0012352896551723724,-2.046765517241329E-4,-4.550206896551605E-7,6.057103448276341E-6,
BZRXUSDT,0.10085960551724141,0.09645037355172409,-0.09860431262068965,-134.39523021724133,-134.0324433206896,0.0028573666448275864,-8.685867620689654E-6,-8.716092586206892E-6,-1.2226896551720153E-6,0.0,0.0,-5.293724689655173E-4,-0.002200760120689655,-6.907357896551725E-4,0.0,3.757194472413793,-1.8472115862068963E-4,-8.469878068965519E-4,0.04230693586206892,0.0,-0.004486865203448276,-0.002884468310344827,-0.0012050292344827588,-1.917986789655172,-0.002118228955172414,-0.44005541965517225,-7.029607206896551E-6,-0.0011761807034482757,0.17868582758620694,0.0,-4.002294286206898E-4,-7.455660499999999E-5,0.4106644691034482,-0.0027467900689655167,1.3956385513793104,-0.005187661293103449,-0.05293333662068966,-0.05275191531034483,-0.17087801417241383,-0.8152345034482757,-0.831926579310345,1.6309027586207015E-4,-0.003920691544827586,0.0,0.012960980551724134,0.0,0.0,0.002016307248275862,0.07511635931034485,-1.358797224137931E-4,0.001487486344827588,0.0,5.3037268965517244E-5,-0.011939466068965515,0.0,-0.001559763596551724,-0.007970247344827586,0.0,-2.9040544793103452E-5,-0.009852358931034479,0.0,-9.882983068965516E-5,-0.011527907896551722,1.5544941586206898E-4,-0.005802999127586205,-0.0019027032827586212,0.0,-0.19770630775862072,1.0508428620689655E-4,-0.024606647310344825,-0.036889310344827585,2.7530647813793108,-0.40910387499999995,-0.410231455448276,0.0,0.00444901137586207,-0.027889573517241376,-1.0285162310344829,-1.0362206068965518,0.0016311788689655172,0.025685955206896552,-9.67539558620689E-4,-8.59401355172414E-4,-6.253957E-5,-1.134114034482758E-4,-1.1933608586206893E-4,-3.0433553448275865E-4,-10.065221358620692,-0.009048762655172411,-0.04140941096551724,0.0,0.0,0.38843689965517225,0.378625911724138,-0.0013274402379310343,2.7026578344827588,-0.01856666520689655,0.018996491896551726,-0.01585881868965517,0.0,0.008515340241379322,-4.8353376551724136E-4,-0.004407869517241378,-0.017635571827586207,0.0,0.0,290.20016993448274,3.3723103448274785E-6,-0.004676609724137931,-0.03973969389655173,0.0,-0.10123308586206896,0.0,0.0018265649310344808,-0.6511330334482759,0.0,-0.06716105855172413,0.0,0.003069360475862069,0.05701227072413793,-7.415876137931035E-4,5.053241768965514E-4,1.2613448275862258E-6,0.0,0.0,-0.028816987931034488,0.06865783975862069,0.1757706363448276,-1.0099606068965516E-4,0.028575915034482757,-0.0010731185068965517,0.0,-0.009457333827586204,0.0,0.710401345862069,-0.1691692896551724,0.0017440425575862071,-2.0313765689655168E-4,0.0011802691586206887,-0.0620470591724138,7.523814682758624,-3.875331806206897E-4,0.0,0.0014726970689655171,0.0014630252965517243,1.3449310344818336E-6,0.0,0.40735214068965514,0.0,0.0,8.79168965517274E-6,0.0,-6.423273496551723E-4,-0.0013324094586206895,-4.678209034482758E-5,1.129562068965538E-4,-0.09484976524137931,0.0,1.354299517241379E-6,1.3955066206896552E-6,7.585857637931034,-0.004302485775862067,-0.012485357172413798,0.0,-0.0027445411206896545,-0.8814830137931043,-0.004439710131034483,-0.004431972120689656,-0.14119717555172417,0.0,766.5160919448273,2952.5418814241375,-1.9935157586206893,-2.0113808482758615,-0.3535292131034483,-7.616258758620689E-4,-0.014313875551724132,
CELOUSDT,0.0,0.0,0.0,0.0,0.0,0.0,0.0,0.0,0.0,0.0,0.0,0.0,0.0,0.0,0.0,0.0,0.0,0.0,0.0,0.0,0.0,0.0,0.0,0.0,0.0,0.0,0.0,0.0,0.0,0.0,0.0,0.0,0.0,0.0,0.0,0.0,0.0,0.0,0.0,0.0,0.0,0.0,0.0,0.0,0.0,0.0,0.0,0.0,0.0,0.0,0.0,0.0,0.0,0.0,0.0,0.0,0.0,0.0,0.0,0.0,0.0,0.0,0.0,0.0,0.0,0.0,0.0,0.0,0.0,0.0,0.0,0.0,0.0,0.0,0.0,0.0,0.0,0.0,0.0,0.0,0.0,0.0,0.0,0.0,0.0,0.0,0.0,0.0,0.0,0.0,0.0,0.0,0.0,0.0,0.0,0.0,0.0,0.0,0.0,0.0,0.0,0.0,0.0,0.0,0.0,0.0,0.0,0.0,0.0,0.0,0.0,0.0,0.0,0.0,0.0,0.0,0.0,0.0,0.0,0.0,0.0,0.0,0.0,0.0,0.0,0.0,0.0,0.0,0.0,0.0,0.0,0.0,0.0,0.0,0.0,0.0,0.0,0.0,0.0,0.0,0.0,0.0,0.0,0.0,0.0,0.0,0.0,0.0,0.0,0.0,0.0,0.0,0.0,0.0,0.0,0.0,0.0,0.0,0.0,0.0,0.0,0.0,0.0,0.0,0.0,0.0,0.0,0.0,0.0,0.0,0.0,0.0,0.0,0.0,0.0,0.0,0.0,
CELRUSDT,4.6961981609195373E-4,4.8565368045977106E-4,7.989183977011496E-4,1.3721556583908048,1.3676194790804594,-1.421007264367816E-5,9.3815708045977E-8,9.355318390804597E-8,-2.2332413793102803E-7,-5.293724689655173E-4,0.0,0.0,1.9538101149425287E-5,5.451090229885057E-6,0.0,0.014290030804597707,2.156604137931034E-6,1.887836827586207E-5,0.0012406238620689654,0.0,3.889233724137931E-5,3.904879999999999E-5,1.1330912413793104E-5,0.016312787816091953,1.914699563218391E-5,0.0036167132413793095,7.713413103448276E-8,8.580833793103447E-6,-0.0019231895402298852,0.0,7.94336135632184E-6,5.815894137931035E-7,-0.0013228443034482755,3.242751954022988E-5,-0.013525115333333332,5.245475172413793E-5,5.003124620689656E-4,4.985976942528735E-4,0.0015790138114942529,0.0538833512643678,0.053901598620689654,4.006324137931018E-6,3.590402965517242E-5,0.0,-1.3975215632183909E-4,0.0,0.0,-5.349901379310346E-6,-2.7635310344827618E-5,1.3382333333333331E-6,4.552777011494288E-6,0.0,1.3908301149425284E-6,1.1514884597701151E-4,0.0,1.1946615862068966E-5,6.99267103448276E-5,0.0,2.339089931034483E-7,1.3047459080459768E-4,0.0,1.0376047586206894E-6,9.77552459770115E-5,-2.1177179310344812E-7,5.069738183908046E-5,2.0245616321839084E-5,0.0,0.0017343682183908042,2.6372620689655165E-7,1.912062896551724E-4,4.49321264367816E-4,-0.0298539739770115,0.004010371701149425,0.004002225342528735,0.0,-4.421775172413793E-6,3.429175310344827E-4,0.011322866896551723,0.011299628275862072,2.819170114942529E-7,-6.518759310344827E-5,1.569051977011494E-5,8.141567586206898E-6,5.422923908045978E-7,2.5108956321839076E-6,1.1042652183908047E-6,3.4097160919540236E-6,0.12891333034482758,7.688661149425288E-5,3.339476298850575E-4,0.0,0.0,-5.31510505747126E-4,-4.5833901149425275E-4,1.1682365977011494E-5,-0.008400470344827583,1.631758459770115E-4,-3.54288505747126E-5,1.717654850574713E-4,0.0,3.8756579080459773E-4,4.35879103448276E-6,4.222784597701149E-5,1.8865091724137932E-4,0.0,0.0,-1.456333065057471,-1.8581839080459455E-7,3.3230078160919535E-5,3.538577563218391E-4,0.0,9.57628551724138E-4,0.0,9.620185632183909E-5,0.005825969678160919,0.0,6.282495839080458E-4,0.0,-1.0194706666666667E-5,-6.199015931034483E-4,6.272790574712645E-6,1.3356790597701149E-5,5.402694252873563E-7,0.0,0.0,0.0013729416091954022,3.9405264597701145E-4,-4.120285448275862E-4,9.022013333333332E-7,-9.529790344827586E-5,9.705470344827587E-6,0.0,7.15234896551724E-5,0.0,-0.0028330420459770113,0.0012943082758620687,-3.4922900229885065E-6,2.027258390804598E-6,2.5492413103448285E-5,5.008299149425288E-4,-0.026118775057471268,3.3171235149425286E-6,0.0,-7.527574712643678E-6,-7.534959310344826E-6,-2.028827586206803E-7,0.0,-0.0036636311264367817,0.0,0.0,-2.538666666666645E-7,0.0,5.47114832183908E-6,1.1563107816091952E-5,3.943043908045977E-7,5.311648275862068E-5,0.0010682364620689655,0.0,5.711195402298887E-10,4.0634252873563124E-10,-0.026357008965517233,3.792376321839079E-5,1.2031052643678161E-4,0.0,2.3463931034482758E-5,0.010131193563218394,4.4732228505747125E-5,4.451491379310344E-5,0.0010982854091954022,0.0,-3.6512046108045975,-11.401493036551722,0.01976657356321839,0.01996012367816092,0.0029305252643678165,7.019445287356323E-6,1.434098459770115E-4,
CHRUSDT,0.0028259859770114904,0.0029369586264367856,0.003609249505747127,6.02502761091954,5.99752283505747,-4.631845804597702E-5,4.1599321264367814E-7,4.1447079885057467E-7,-1.037551724137897E-6,-0.002200760120689655,0.0,1.9538101149425287E-5,0.0,2.5266696321839085E-5,0.0,0.0895358350574713,9.419258620689657E-6,7.394623448275864E-5,0.00334824275862069,0.0,1.7767515689655174E-4,1.517036724137931E-4,3.937857931034483E-5,0.078852058045977,8.716569712643679E-5,0.014185853620689656,3.291270862068966E-7,4.013326206896551E-5,-0.007398245287356321,0.0,2.6326142126436784E-5,2.634955155172414E-6,-0.011773938896551723,1.5243759770114937E-4,-0.05616787373563219,1.9967377758620691E-4,0.002327822931034483,0.0023210886091954023,0.0069588816609195405,0.24166142183908043,0.24199511379310346,1.8252689655172347E-5,1.461563275862069E-4,0.0,-5.33516540229885E-4,0.0,0.0,-3.2486824137931036E-5,-2.499362068965521E-4,5.93769683908046E-6,-6.173908045976915E-6,0.0,5.80449885057471E-6,3.780239195402299E-4,0.0,5.563995344827585E-5,3.189709137931035E-4,0.0,1.0784036034482758E-6,4.040735574712643E-4,0.0,4.680399827586209E-6,4.5043755747126445E-4,-2.281482758620687E-7,2.1868565574712645E-4,9.627647471264366E-5,0.0,0.007577596971264367,-2.199824827586208E-6,7.780011034482757E-4,0.00200821183908046,-0.11410128022988507,0.01967513217816092,0.019622642195402298,0.0,-5.4185653448275874E-5,0.001285838068965517,0.047241787931034486,0.047113365517241386,-2.55442287356322E-5,-8.08777810344827E-4,6.581815057471264E-5,3.442791551724138E-5,2.4113986781609193E-6,1.1380721264367817E-5,4.385301436781609E-6,1.5176961494252875E-5,0.6283275275862069,3.2300838505747127E-4,0.0013419360804597703,0.0,0.0,-0.005336818563218389,-0.005006193678160921,5.1286704022988504E-5,-0.09240440068965514,7.389542471264369E-4,-7.867599597701151E-4,8.124080459770113E-4,0.0,-0.0022019086149425264,1.8575237931034488E-5,1.7500702298850574E-4,7.679055344827587E-4,0.0,0.0,-6.280556802873564,-9.856954022988425E-7,1.606786804597701E-4,0.0017339217988505747,0.0,0.0032623015517241377,0.0,2.6050120919540227E-4,0.023138301666666663,0.0,0.002892696609195402,0.0,-5.585327471264369E-5,-0.0023524937413793106,2.81241183908046E-5,6.004964195402294E-6,1.5134226436781605E-6,0.0,0.0,0.005043098908045976,0.0015691941436781606,-0.0023188940344827584,4.047928045977012E-6,-5.860457931034485E-4,3.445001551724138E-5,0.0,3.3123877586206896E-4,0.0,-0.012275600057471267,0.00640899793103448,-1.6102334770114945E-5,6.285134885057471E-6,2.4543286206896597E-5,0.002399595333333333,-0.11041029873563217,1.461813264367816E-5,0.0,-3.238751149425287E-5,-3.235782758620689E-5,-1.0602586206896102E-6,0.0,-0.013383242183908043,0.0,0.0,-1.1163505747126195E-6,0.0,2.579656816091954E-5,5.2686854597701135E-5,1.8556702298850573E-6,2.1929293103448272E-4,0.004233537931034483,0.0,1.826566666666669E-8,1.720636781609194E-8,-0.11724430206896554,1.7790573160919538E-4,4.198094252873564E-4,0.0,1.0541250172413794E-4,0.04348700919540231,2.0492865632183903E-4,2.0406004310344827E-4,0.005423397442528736,0.0,-15.497080947126436,-58.45071991551723,0.09563752298850572,0.09595424597701149,0.01365683632183908,3.317880919540231E-5,4.263063850574712E-4,
